2319 3
0.178 0.105 -19.539 1.0
0.429 0.758 -9.167 1.0
0.722 0.991 -5.18 1.0
0.752 0.673 -5.792 1.0
0.585 0.52 -6.136 1.0
0.902 0.669 -5.049 1.0
0.484 0.636 -9.303 1.0
0.498 0.449 -10.531 1.0
0.681 0.953 -5.189 1.0
0.128 0.533 -15.097 1.0
0.262 0.061 -22.652 1.0
0.563 0.772 -6.737 1.0
0.611 0.95 -3.509 1.0
0.453 0.905 -4.001 1.0
0.92 0.472 -7.941 1.0
0.502 0.981 -1.573 1.0
0.804 0.718 -3.902 1.0
0.245 0.118 -20.051 1.0
0.9 0.845 -7.306 1.0
0.574 0.932 -8.162 1.0
0.688 0.99 -7.044 1.0
0.619 0.876 -4.783 1.0
0.644 0.939 -3.486 1.0
0.272 0.346 -14.01 1.0
0.702 0.727 -9.209 1.0
0.856 0.609 -7.223 1.0
0.901 0.522 -8.304 1.0
0.918 0.857 -5.032 1.0
0.562 0.999 -8.227 1.0
0.704 0.753 -5.702 1.0
0.657 0.96 -3.524 1.0
0.557 0.952 -7.46 1.0
0.548 0.87 -5.636 1.0
0.774 0.977 -1.614 1.0
0.74 0.566 -8.389 1.0
0.543 0.943 -7.06 1.0
0.481 0.908 -5.41 1.0
0.856 0.564 -6.295 1.0
0.662 0.507 -8.238 1.0
0.642 0.813 -8.615 1.0
0.351 0.976 -10.634 1.0
0.772 0.713 -5.268 1.0
0.781 0.726 -4.213 1.0
0.679 0.864 -10.429 1.0
0.185 0.99 -8.367 1.0
0.178 0.798 -3.697 1.0
0.424 0.913 -5.56 1.0
0.608 0.637 -9.153 1.0
0.585 0.793 -3.713 1.0
0.591 0.963 -6.489 1.0
0.787 0.713 -5.252 1.0
0.919 0.657 -2.823 1.0
0.691 0.985 -4.384 1.0
0.892 0.681 -11.503 1.0
0.797 0.852 -2.234 1.0
0.704 0.988 -3.85 1.0
0.657 0.843 -3.003 1.0
0.265 0.237 -16.99 1.0
0.565 0.98 -5.172 1.0
0.854 0.954 -1.185 1.0
0.16 0.956 -5.162 1.0
0.792 0.625 -5.609 1.0
0.621 0.469 -10.438 1.0
0.746 0.852 -9.676 1.0
0.816 0.526 -8.241 1.0
0.696 0.914 -5.926 1.0
0.701 0.849 -4.779 1.0
0.94 0.743 -5.166 1.0
0.691 0.646 -9.752 1.0
0.517 0.973 -7.278 1.0
0.179 0.993 -5.318 1.0
0.767 0.864 -1.847 1.0
0.261 0.944 -7.406 1.0
0.519 0.889 -4.871 1.0
0.179 0.0421 -25.49 1.0
0.674 0.892 -3.771 1.0
0.618 0.955 -5.887 1.0
0.69 0.968 -3.606 1.0
0.632 0.773 -7.956 1.0
0.55 0.917 -3.159 1.0
0.686 0.862 -3.426 1.0
0.773 0.801 -10.153 1.0
0.136 0.829 -13.234 1.0
0.661 0.959 -4.439 1.0
0.169 0.965 -3.909 1.0
0.657 0.629 -4.938 1.0
0.574 0.943 -5.238 1.0
0.553 0.786 -5.529 1.0
0.28 0.287 -22.167 1.0
0.548 0.964 -7.28 1.0
0.724 0.685 -4.068 1.0
0.737 0.408 -13.72 1.0
0.532 0.735 -7.74 1.0
0.504 0.911 -2.97 1.0
0.725 0.552 -7.369 1.0
0.367 0.504 -10.307 1.0
0.552 0.594 -6.449 1.0
0.524 0.845 -4.912 1.0
0.672 0.733 -5.377 1.0
0.563 0.496 -9.381 1.0
0.658 0.607 -5.678 1.0
0.474 0.878 -7.629 1.0
0.553 0.853 -3.668 1.0
0.762 0.788 -4.087 1.0
0.758 0.611 -9.275 1.0
0.832 0.866 -7.481 1.0
0.494 0.964 -5.922 1.0
0.639 0.709 -6.386 1.0
0.358 0.0988 -19.403 1.0
0.645 0.64 -6.871 1.0
0.544 0.82 -4.622 1.0
0.388 0.301 -17.959 1.0
0.484 0.983 -3.904 1.0
0.71 0.837 -5.436 1.0
0.881 0.785 -5.4 1.0
0.543 0.564 -4.996 1.0
0.593 0.54 -12.143 1.0
0.358 0.923 -3.722 1.0
0.724 0.675 -5.267 1.0
0.518 0.807 -6.68 1.0
0.596 0.76 -8.073 1.0
0.541 0.957 -3.349 1.0
0.535 0.989 -9.703 1.0
0.671 0.897 -4.514 1.0
0.495 0.972 -5.316 1.0
0.468 0.996 -3.027 1.0
0.728 0.605 -7.953 1.0
0.607 0.876 -4.117 1.0
0.689 0.875 -3.779 1.0
0.633 0.851 -6.372 1.0
0.732 0.913 -7.583 1.0
0.532 0.935 -5.102 1.0
0.622 0.807 -6.752 1.0
0.128 0.719 -3.762 1.0
0.604 0.785 -7.47 1.0
0.552 0.892 -3.277 1.0
0.687 0.712 -6.89 1.0
0.579 0.801 -7.454 1.0
0.291 0.974 -2.997 1.0
0.315 0.191 -14.195 1.0
0.847 0.688 -5.698 1.0
0.513 0.88 -4.69 1.0
0.723 0.838 -7.253 1.0
0.771 0.871 -7.456 1.0
0.625 0.576 -5.693 1.0
0.67 0.895 -1.438 1.0
0.833 0.413 -7.648 1.0
0.118 0.952 -3.645 1.0
0.334 0.933 -4.49 1.0
0.833 0.434 -8.795 1.0
0.478 0.848 -3.85 1.0
0.684 0.859 -9.772 1.0
0.64 0.957 -2.336 1.0
0.538 0.89 -8.184 1.0
0.794 0.589 -4.48 1.0
0.757 0.538 -8.592 1.0
0.485 0.72 -5.991 1.0
0.753 0.749 -7.294 1.0
0.694 0.749 -8.526 1.0
0.807 0.935 -5.931 1.0
0.658 0.762 -3.028 1.0
0.834 0.73 -3.714 1.0
0.446 0.977 -3.389 1.0
0.404 0.969 -2.938 1.0
0.449 0.645 -15.2 1.0
0.726 0.565 -10.355 1.0
0.784 0.728 -9.11 1.0
0.551 0.918 -5.205 1.0
0.506 0.967 -2.973 1.0
0.715 0.84 -7.923 1.0
0.243 0.151 -17.562 1.0
0.435 0.987 -4.667 1.0
0.68 0.755 -5.509 1.0
0.978 0.687 -4.957 1.0
0.704 0.707 -6.537 1.0
0.807 0.651 -6.714 1.0
0.539 0.855 -3.346 1.0
0.217 0.92 -4.479 1.0
0.447 0.168 -17.865 1.0
0.769 0.794 -4.047 1.0
0.365 0.988 -2.784 1.0
0.282 0.656 -6.557 1.0
0.375 0.965 -7.782 1.0
0.194 0.017 -24.598 1.0
0.681 0.845 -5.147 1.0
0.924 0.74 -1.299 1.0
0.433 0.929 -4.33 1.0
0.297 0.201 -14.759 1.0
0.716 0.936 -8.036 1.0
0.587 0.893 -2.508 1.0
0.229 0.22 -20.677 1.0
0.486 0.992 -4.321 1.0
0.805 0.802 -7.076 1.0
0.603 0.86 -6.82 1.0
0.773 0.654 -6.877 1.0
0.907 0.695 -6.268 1.0
0.374 0.903 -4.49 1.0
0.694 0.881 -4.053 1.0
0.688 0.936 -10.782 1.0
0.769 0.998 -4.094 1.0
0.233 0.537 -13.141 1.0
0.566 0.886 -3.63 1.0
0.218 0.114 -20.316 1.0
0.563 0.885 -7.947 1.0
0.688 0.647 -7.258 1.0
0.552 0.97 -10.487 1.0
0.782 0.51 -5.724 1.0
0.577 0.908 -7.32 1.0
0.65 0.891 -5.445 1.0
0.359 0.959 -3.685 1.0
0.722 0.864 -7.499 1.0
0.52 0.449 -8.957 1.0
0.643 0.486 -10.443 1.0
0.0692 0.939 -5.023 1.0
0.691 0.541 -5.873 1.0
0.567 0.238 -21.059 1.0
0.518 0.901 -3.749 1.0
0.615 0.514 -9.759 1.0
0.698 0.632 -6.508 1.0
0.725 0.935 -4.156 1.0
0.563 0.688 -4.474 1.0
0.264 0.264 -15.813 1.0
0.417 0.972 -3.693 1.0
0.698 0.838 -3.703 1.0
0.727 0.818 -4.741 1.0
0.794 0.711 -5.124 1.0
0.503 0.874 -11.873 1.0
0.727 0.629 -5.137 1.0
0.685 0.918 -9.117 1.0
0.511 0.174 -17.496 1.0
0.215 0.983 -7.995 1.0
0.133 0.706 -5.493 1.0
0.804 0.666 -6.009 1.0
0.395 0.959 -6.826 1.0
0.503 0.8 -5.561 1.0
0.313 0.0688 -28.27 1.0
0.648 0.748 -8.877 1.0
0.659 0.804 -10.546 1.0
0.332 0.964 -2.445 1.0
0.863 0.476 -10.019 1.0
0.357 0.978 -7.904 1.0
0.684 0.45 -10.422 1.0
0.856 0.872 -1.844 1.0
0.599 0.996 -4.071 1.0
0.574 0.392 -18.295 1.0
0.721 0.802 -5.797 1.0
0.781 0.594 -6.959 1.0
0.576 0.972 -8.398 1.0
0.87 0.712 -6.313 1.0
0.521 0.988 -2.776 1.0
0.263 0.164 -17.71 1.0
0.771 0.82 -4.193 1.0
0.447 0.764 -6.311 1.0
0.73 0.465 -6.29 1.0
0.7 0.884 -6.772 1.0
0.808 0.85 -8.772 1.0
0.374 0.182 -16.91 1.0
0.841 0.765 -6.909 1.0
0.537 0.259 -14.545 1.0
0.479 0.992 -5.71 1.0
0.682 0.829 -11.75 1.0
0.59 0.987 -7.348 1.0
0.833 0.539 -7.399 1.0
0.614 0.553 -8.225 1.0
0.789 0.412 -7.518 1.0
0.575 0.994 -4.597 1.0
0.836 0.528 -10.807 1.0
0.816 0.629 -5.568 1.0
0.871 0.714 -6.413 1.0
0.645 0.904 -4.532 1.0
0.673 0.936 -10.323 1.0
0.821 0.812 -9.701 1.0
0.318 0.95 -7.7 1.0
0.102 0.0733 -24.133 1.0
0.194 0.993 -8.304 1.0
0.829 0.428 -9.469 1.0
0.678 0.885 -5.685 1.0
0.821 0.703 -8.464 1.0
0.808 0.537 -10.51 1.0
0.876 0.733 -4.478 1.0
0.218 0.887 -9.432 1.0
0.63 0.782 -5.44 1.0
0.836 0.912 -2.915 1.0
0.488 0.276 -16.739 1.0
0.155 0.984 -8.311 1.0
0.718 0.907 -6.412 1.0
0.137 0.991 -6.815 1.0
0.941 0.631 -5.998 1.0
0.777 0.716 -5.327 1.0
0.526 0.801 -3.717 1.0
0.445 0.887 -10.489 1.0
0.596 0.62 -6.133 1.0
0.785 0.846 -6.852 1.0
0.611 0.654 -4.823 1.0
0.519 0.967 -3.969 1.0
0.664 0.739 -7.229 1.0
0.755 0.808 -7.367 1.0
0.262 0.928 -2.795 1.0
0.196 0.989 -3.799 1.0
0.64 0.852 -6.406 1.0
0.172 0.824 -16.955 1.0
0.664 0.85 -8.749 1.0
0.33 0.169 -21.266 1.0
0.737 0.856 -4.508 1.0
0.497 0.998 -5.127 1.0
0.893 0.433 -5.88 1.0
0.583 0.862 -5.804 1.0
0.354 0.885 -4.875 1.0
0.697 0.621 -6.886 1.0
0.494 0.861 -5.236 1.0
0.507 0.871 -9.147 1.0
0.465 0.128 -17.628 1.0
0.322 0.14 -20.747 1.0
0.606 0.942 -2.598 1.0
0.847 0.402 -9.952 1.0
0.39 0.0432 -24.344 1.0
0.331 0.432 -12.513 1.0
0.556 0.979 -7.121 1.0
0.386 0.0738 -19.369 1.0
0.904 0.813 -7.105 1.0
0.362 0.961 -5.664 1.0
0.686 0.796 -5.532 1.0
0.42 0.949 -6.214 1.0
0.69 0.97 -6.862 1.0
0.583 0.985 -1.826 1.0
0.879 0.681 -8.951 1.0
0.519 0.0656 -19.002 1.0
0.814 0.743 -2.968 1.0
0.636 0.825 -6.096 1.0
0.508 0.781 -5.428 1.0
0.61 0.722 -2.936 1.0
0.573 0.712 -5.976 1.0
0.83 0.794 -6.279 1.0
0.881 0.774 -6.068 1.0
0.708 0.852 -6.177 1.0
0.825 0.764 -5.982 1.0
0.179 0.912 -3.881 1.0
0.731 0.686 -5.002 1.0
0.498 0.93 -4.564 1.0
0.393 0.821 -5.38 1.0
0.508 0.97 -6.859 1.0
0.102 0.962 -4.73 1.0
0.837 0.364 -11.713 1.0
0.545 0.964 -3.439 1.0
0.199 0.0579 -21.315 1.0
0.739 0.725 -4.301 1.0
0.59 0.699 -7.529 1.0
0.733 0.899 -4.237 1.0
0.622 0.463 -9.596 1.0
0.132 0.288 -3.516 1.0
0.463 0.91 -7.244 1.0
0.72 0.828 -9.211 1.0
0.609 0.64 -8.679 1.0
0.654 0.96 -4.582 1.0
0.391 0.957 -2.51 1.0
0.494 0.995 -4.344 1.0
0.149 0.997 -7.344 1.0
0.65 0.808 -7.7 1.0
0.515 0.995 -5.699 1.0
0.464 0.614 -11.073 1.0
0.151 0.323 -13.038 1.0
0.689 0.77 -5.646 1.0
0.598 0.989 -7.47 1.0
0.326 0.284 -13.131 1.0
0.542 0.857 -8.945 1.0
0.0858 0.504 -5.761 1.0
0.665 0.695 -5.763 1.0
0.825 0.652 -3.183 1.0
0.905 0.884 -4.076 1.0
0.643 0.825 -4.746 1.0
0.601 0.758 -4.166 1.0
0.356 0.995 -3.366 1.0
0.21 0.811 -7.743 1.0
0.71 0.953 -5.43 1.0
0.588 0.877 -7.852 1.0
0.736 0.614 -11.124 1.0
0.45 0.935 -7.94 1.0
0.338 0.34 -12.049 1.0
0.913 0.603 -4.892 1.0
0.917 0.801 -6.296 1.0
0.698 0.861 -4.756 1.0
0.623 0.894 -4.914 1.0
0.205 0.968 -5.253 1.0
0.598 0.862 -5.517 1.0
0.713 0.827 -9.759 1.0
0.557 0.926 -7.393 1.0
0.228 0.735 -3.25 1.0
0.13 0.945 -6.853 1.0
0.793 0.892 -6.52 1.0
0.169 0.896 -10.849 1.0
0.876 0.647 -3.917 1.0
0.621 0.579 -12.829 1.0
0.466 0.648 -11.101 1.0
0.489 0.692 -6.672 1.0
0.728 0.667 -10.212 1.0
0.316 0.358 -6.627 1.0
0.681 0.932 -6.652 1.0
0.295 0.584 -6.696 1.0
0.237 0.983 -4.618 1.0
0.538 0.984 -4.589 1.0
0.0897 0.16 -15.986 1.0
0.755 0.695 -5.963 1.0
0.616 0.809 -6.366 1.0
0.159 0.993 -2.848 1.0
0.606 0.797 -4.839 1.0
0.654 0.944 -8.681 1.0
0.383 0.171 -22.801 1.0
0.747 0.929 -3.924 1.0
0.569 0.983 -4.547 1.0
0.53 0.883 -6.625 1.0
0.751 0.858 -7.68 1.0
0.532 0.737 -6.051 1.0
0.587 0.779 -5.992 1.0
0.563 0.919 -6.702 1.0
0.795 0.56 -8.908 1.0
0.339 0.172 -20.039 1.0
0.714 0.724 -8.488 1.0
0.869 0.59 -8.214 1.0
0.817 0.806 -4.606 1.0
0.405 0.209 -18.442 1.0
0.725 0.534 -6.238 1.0
0.145 0.353 -13.882 1.0
0.925 0.322 -9.8 1.0
0.61 0.867 -3.677 1.0
0.796 0.477 -7.161 1.0
0.845 0.576 -5.15 1.0
0.299 0.183 -20.433 1.0
0.218 0.994 -2.222 1.0
0.437 0.337 -11.439 1.0
0.523 0.696 -8.108 1.0
0.935 0.608 -5.583 1.0
0.462 0.996 -2.973 1.0
0.667 0.773 -4.983 1.0
0.631 0.974 -2.785 1.0
0.818 0.653 -8.396 1.0
0.433 0.983 -2.933 1.0
0.49 0.776 -5.788 1.0
0.776 0.8 -7.347 1.0
0.507 0.998 -5.905 1.0
0.648 0.867 -7.405 1.0
0.75 0.838 -5.402 1.0
0.532 0.887 -3.757 1.0
0.748 0.695 -7.755 1.0
0.699 0.699 -5.564 1.0
0.767 0.551 -7.328 1.0
0.811 0.726 -6.726 1.0
0.485 0.772 -2.966 1.0
0.643 0.77 -4.524 1.0
0.481 0.849 -5.131 1.0
0.894 0.618 -4.356 1.0
0.409 0.92 -5.439 1.0
0.173 0.952 -5.322 1.0
0.916 0.63 -6.815 1.0
0.383 0.905 -4.036 1.0
0.759 0.891 -2.983 1.0
0.495 0.985 -3.849 1.0
0.51 0.789 -8.716 1.0
0.353 0.371 -11.598 1.0
0.382 0.996 -4.119 1.0
0.581 0.974 -6.602 1.0
0.681 0.978 -7.675 1.0
0.744 0.851 -10.108 1.0
0.696 0.89 -8.704 1.0
0.839 0.641 -5.669 1.0
0.845 0.54 -7.864 1.0
0.684 0.996 -7.632 1.0
0.609 0.935 -2.941 1.0
0.345 0.855 -6.228 1.0
0.348 0.497 -13.667 1.0
0.402 0.994 -7.338 1.0
0.624 0.821 -4.353 1.0
0.533 0.803 -6.702 1.0
0.646 0.696 -5.572 1.0
0.812 0.656 -5.767 1.0
0.78 0.528 -6.979 1.0
0.151 0.257 -10.642 1.0
0.528 0.845 -5.056 1.0
0.502 0.89 -5.175 1.0
0.206 0.0131 -25.242 1.0
0.551 0.851 -3.277 1.0
0.61 0.891 -5.452 1.0
0.674 0.962 -9.545 1.0
0.856 0.904 -4.804 1.0
0.693 0.986 -5.371 1.0
0.565 0.876 -5.316 1.0
0.217 0.905 -4.103 1.0
0.571 0.861 -2.696 1.0
0.0721 0.609 -9.229 1.0
0.572 0.91 -3.744 1.0
0.304 0.0745 -22.45 1.0
0.364 0.935 -6.548 1.0
0.766 0.878 -5.975 1.0
0.703 0.886 -4.463 1.0
0.566 0.91 -4.672 1.0
0.0936 0.0515 -20.596 1.0
0.629 0.814 -8.502 1.0
0.405 0.936 -5.178 1.0
0.432 0.884 -6.659 1.0
0.713 0.605 -7.487 1.0
0.817 0.697 -5.897 1.0
0.759 0.723 -9.315 1.0
0.337 0.0999 -26.065 1.0
0.412 0.998 -3.683 1.0
0.331 0.165 -18.075 1.0
0.457 0.899 -2.591 1.0
0.715 0.833 -5.379 1.0
0.904 0.723 -5.224 1.0
0.638 0.961 -3.828 1.0
0.124 0.997 0.431 1.0
0.381 0.69 -5.312 1.0
0.569 0.915 -5.045 1.0
0.853 0.821 -4.537 1.0
0.747 0.861 -5.251 1.0
0.658 0.96 -3.681 1.0
0.214 0.192 -20.137 1.0
0.628 0.754 -5.446 1.0
0.592 0.841 -5.556 1.0
0.755 0.63 -5.909 1.0
0.592 0.725 -8.698 1.0
0.629 0.79 -13.496 1.0
0.718 0.985 -8.904 1.0
0.327 0.994 -4.023 1.0
0.786 0.82 -5.093 1.0
0.69 0.592 -5.973 1.0
0.497 0.916 -3.323 1.0
0.115 0.301 -13.321 1.0
0.621 0.768 -10.054 1.0
0.677 0.698 -5.793 1.0
0.285 0.908 -4.601 1.0
0.774 0.641 -10.193 1.0
0.175 0.96 -3.513 1.0
0.731 0.961 -2.015 1.0
0.324 0.889 -6.002 1.0
0.707 0.788 -8.012 1.0
0.251 0.866 -4.072 1.0
0.643 0.366 -7.574 1.0
0.732 0.68 -2.319 1.0
0.708 0.598 -8.365 1.0
0.49 0.961 -1.595 1.0
0.519 0.196 -18.644 1.0
0.759 0.996 -9.104 1.0
0.55 0.639 -4.468 1.0
0.42 0.929 -3.899 1.0
0.522 0.819 -4.493 1.0
0.459 0.727 -11.777 1.0
0.616 0.987 -9.023 1.0
0.0928 0.0229 -27.583 1.0
0.592 0.473 -8.543 1.0
0.617 0.953 -4.162 1.0
0.444 0.949 -5.161 1.0
0.561 0.0994 -23.501 1.0
0.172 0.976 -6.981 1.0
0.479 0.996 -5.174 1.0
0.356 0.936 -8.245 1.0
0.721 0.539 -7.36 1.0
0.21 0.879 -8.948 1.0
0.279 0.884 -6.476 1.0
0.567 0.791 -4.631 1.0
0.74 0.576 -7.486 1.0
0.344 0.101 -24.048 1.0
0.671 0.766 -7.626 1.0
0.123 0.854 -3.39 1.0
0.164 0.965 -5.658 1.0
0.54 0.966 -3.075 1.0
0.518 0.913 -10.616 1.0
0.617 0.979 -8.24 1.0
0.569 0.932 -4.086 1.0
0.619 0.686 -9.014 1.0
0.601 0.532 -9.119 1.0
0.933 0.528 -6.472 1.0
0.749 0.982 -10.213 1.0
0.311 0.00326 -24.979 1.0
0.877 0.534 -6.178 1.0
0.733 0.97 -5.998 1.0
0.566 0.681 -5.146 1.0
0.66 0.523 -12.068 1.0
0.866 0.613 -6.385 1.0
0.856 0.762 -10.445 1.0
0.631 0.86 -4.994 1.0
0.761 0.899 -3.09 1.0
0.251 0.219 -16.781 1.0
0.53 0.883 -3.262 1.0
0.515 0.605 -5.629 1.0
0.578 0.825 -6.107 1.0
0.831 0.727 -3.657 1.0
0.469 0.981 -3.678 1.0
0.326 0.981 -5.371 1.0
0.76 0.801 -3.769 1.0
0.206 0.978 -6.586 1.0
0.629 0.728 -8.041 1.0
0.604 0.948 -1.608 1.0
0.654 0.75 -7.509 1.0
0.238 0.159 -15.509 1.0
0.642 0.834 -4.4 1.0
0.67 0.582 -3.574 1.0
0.669 0.861 -3.547 1.0
0.74 0.956 -5.725 1.0
0.099 0.0567 -20.712 1.0
0.357 0.922 -6.21 1.0
0.692 0.769 -9.363 1.0
0.375 0.975 -7.768 1.0
0.906 0.486 -7.189 1.0
0.593 0.733 -8.398 1.0
0.578 0.449 -6.349 1.0
0.443 0.948 -3.688 1.0
0.395 0.892 -4.968 1.0
0.839 0.706 -6.104 1.0
0.163 0.883 -8.307 1.0
0.574 0.913 -4.793 1.0
0.763 0.726 -6.405 1.0
0.8 0.564 -5.817 1.0
0.645 0.747 -5.747 1.0
0.421 0.935 -5.153 1.0
0.703 0.469 -6.515 1.0
0.359 0.24 -15.446 1.0
0.447 0.966 -2.966 1.0
0.798 0.792 -5.433 1.0
0.556 0.978 -3.291 1.0
0.582 0.979 -6.634 1.0
0.667 0.96 -1.993 1.0
0.322 0.184 -18.312 1.0
0.402 0.97 -4.538 1.0
0.0975 0.976 -3.624 1.0
0.632 0.786 -5.596 1.0
0.616 0.979 -7.624 1.0
0.531 0.981 -5.527 1.0
0.767 0.839 -5.519 1.0
0.771 0.799 -8.328 1.0
0.522 0.942 -4.691 1.0
0.645 0.873 -3.044 1.0
0.593 0.956 -4.001 1.0
0.575 0.174 -14.423 1.0
0.689 0.632 -10.543 1.0
0.623 0.937 -8.474 1.0
0.585 0.941 -3.278 1.0
0.344 1.0 -2.228 1.0
0.507 0.994 -7.009 1.0
0.562 0.886 -5.962 1.0
0.663 0.848 -7.512 1.0
0.658 0.802 -10.53 1.0
0.57 0.845 -7.163 1.0
0.346 0.326 -17.872 1.0
0.589 0.996 -6.682 1.0
0.632 0.615 -10.972 1.0
0.0939 0.0336 -24.041 1.0
0.918 0.586 -2.89 1.0
0.667 0.776 -7.292 1.0
0.765 0.725 -3.391 1.0
0.759 0.554 -15.167 1.0
0.544 0.913 -5.414 1.0
0.577 0.932 -6.137 1.0
0.593 0.89 -4.544 1.0
0.705 0.897 -3.379 1.0
0.549 0.929 -4.904 1.0
0.275 0.147 -22.805 1.0
0.27 0.964 -4.545 1.0
0.535 0.799 -11.161 1.0
0.753 0.934 -3.011 1.0
0.733 0.943 -4.793 1.0
0.294 0.0563 -25.075 1.0
0.847 0.938 -4.209 1.0
0.169 0.932 -6.879 1.0
0.637 0.756 -7.982 1.0
0.611 0.963 -3.916 1.0
0.679 0.794 -3.985 1.0
0.741 0.542 -7.948 1.0
0.666 0.988 -5.851 1.0
0.596 0.661 -6.239 1.0
0.486 0.994 -5.244 1.0
0.603 0.807 -6.999 1.0
0.549 0.00768 -30.521 1.0
0.487 0.987 -4.71 1.0
0.623 0.633 -8.212 1.0
0.761 0.639 -7.577 1.0
0.551 0.801 -5.069 1.0
0.566 0.976 -8.542 1.0
0.162 0.0898 -23.269 1.0
0.577 0.992 -5.777 1.0
0.751 0.79 -4.479 1.0
0.204 0.908 -7.097 1.0
0.554 0.996 -7.468 1.0
0.689 0.929 -3.897 1.0
0.482 0.617 -12.931 1.0
0.868 0.638 -7.746 1.0
0.221 0.809 -2.879 1.0
0.853 0.56 -4.961 1.0
0.727 0.974 -2.261 1.0
0.62 0.697 -7.278 1.0
0.353 0.261 -17.247 1.0
0.213 0.91 -4.809 1.0
0.446 0.239 -13.945 1.0
0.758 0.848 -3.84 1.0
0.525 0.475 -15.319 1.0
0.272 0.958 -10.797 1.0
0.716 0.541 -7.909 1.0
0.443 0.999 -2.433 1.0
0.875 0.631 -3.475 1.0
0.686 0.622 -7.31 1.0
0.513 0.606 -5.757 1.0
0.929 0.7 -5.595 1.0
0.637 0.931 -3.093 1.0
0.863 0.485 -7.888 1.0
0.322 0.298 -16.248 1.0
0.297 0.973 -4.505 1.0
0.514 0.89 -4.234 1.0
0.12 0.674 -8.444 1.0
0.764 0.744 -2.34 1.0
0.789 0.858 -5.542 1.0
0.441 0.527 -5.318 1.0
0.746 0.654 -5.856 1.0
0.364 0.149 -16.037 1.0
0.263 0.146 -17.452 1.0
0.689 0.95 -6.475 1.0
0.528 0.966 -4.527 1.0
0.522 0.192 -20.5 1.0
0.882 0.621 -6.652 1.0
0.408 0.953 -3.883 1.0
0.297 0.982 -4.326 1.0
0.511 0.597 -9.88 1.0
0.704 0.833 -7.824 1.0
0.789 0.749 -8.168 1.0
0.374 0.122 -21.472 1.0
0.632 0.881 -8.359 1.0
0.746 0.922 -5.014 1.0
0.743 0.611 -7.428 1.0
0.334 0.889 -2.264 1.0
0.735 0.768 -4.481 1.0
0.48 0.988 -3.229 1.0
0.545 0.994 -7.74 1.0
0.951 0.6 -4.675 1.0
0.627 0.786 -6.382 1.0
0.487 0.929 -8.417 1.0
0.68 0.957 -9.538 1.0
0.69 0.998 -3.588 1.0
0.4 0.247 -18.249 1.0
0.428 0.965 -3.978 1.0
0.345 0.118 -18.746 1.0
0.594 0.676 -5.808 1.0
0.589 0.848 -10.998 1.0
0.681 0.586 -8.324 1.0
0.226 0.982 -3.862 1.0
0.816 0.579 -6.097 1.0
0.615 0.759 -7.722 1.0
0.113 0.951 -4.743 1.0
0.496 0.739 -7.193 1.0
0.59 0.969 -3.396 1.0
0.172 0.963 -5.574 1.0
0.294 0.995 -4.383 1.0
0.354 0.982 -3.026 1.0
0.363 0.995 -5.639 1.0
0.754 0.472 -11.787 1.0
0.642 0.954 -7.489 1.0
0.846 0.482 -6.721 1.0
0.154 0.967 -7.072 1.0
0.908 0.524 -7.955 1.0
0.583 0.985 -4.991 1.0
0.701 0.728 -4.554 1.0
0.411 0.372 -14.915 1.0
0.384 0.944 -2.97 1.0
0.138 0.712 -5.271 1.0
0.371 0.131 -23.899 1.0
0.424 0.955 -2.326 1.0
0.311 0.993 -2.484 1.0
0.624 0.976 -4.149 1.0
0.752 0.668 -4.927 1.0
0.491 0.999 -5.96 1.0
0.877 0.677 -4.969 1.0
0.732 0.925 -5.975 1.0
0.601 0.621 -5.576 1.0
0.567 0.764 -14.261 1.0
0.577 0.828 -8.691 1.0
0.61 0.746 -6.384 1.0
0.484 0.905 -3.993 1.0
0.811 0.462 -8.153 1.0
0.718 0.69 -4.382 1.0
0.823 0.815 -3.947 1.0
0.688 0.835 -4.162 1.0
0.606 0.706 -9.665 1.0
0.69 0.65 -12.098 1.0
0.685 0.817 -5.683 1.0
0.551 0.825 -6.24 1.0
0.194 0.989 -4.556 1.0
0.593 0.87 -3.468 1.0
0.649 0.896 -2.704 1.0
0.515 0.329 -10.295 1.0
0.799 0.623 -9.374 1.0
0.215 0.971 -3.76 1.0
0.803 0.855 -3.369 1.0
0.674 0.833 -7.625 1.0
0.617 0.843 -6.1 1.0
0.555 0.85 -4.086 1.0
0.711 0.508 -7.299 1.0
0.827 0.552 -7.571 1.0
0.305 0.831 -8.321 1.0
0.554 0.88 -6.366 1.0
0.638 0.704 -6.936 1.0
0.82 0.809 -6.759 1.0
0.81 0.794 -4.848 1.0
0.77 0.892 -4.724 1.0
0.765 0.81 -1.384 1.0
0.491 0.744 -6.306 1.0
0.733 0.872 -10.269 1.0
0.563 0.873 -8.497 1.0
0.772 0.879 -4.22 1.0
0.765 0.596 -7.586 1.0
0.642 0.659 -7.446 1.0
0.948 0.863 -4.361 1.0
0.741 0.954 -5.108 1.0
0.194 0.0661 -21.842 1.0
0.326 0.316 -17.298 1.0
0.902 0.614 -6.529 1.0
0.877 0.885 -4.966 1.0
0.548 0.938 -4.97 1.0
0.413 0.982 -4.079 1.0
0.607 0.599 -6.886 1.0
0.705 0.769 -5.526 1.0
0.623 0.983 -3.548 1.0
0.68 0.955 -4.762 1.0
0.122 0.905 -11.494 1.0
0.773 0.654 -7.796 1.0
0.653 0.846 -3.641 1.0
0.586 0.527 -14.327 1.0
0.797 0.631 -3.818 1.0
0.442 0.871 -4.002 1.0
0.676 0.885 -2.946 1.0
0.576 0.892 -4.178 1.0
0.92 0.833 -3.18 1.0
0.198 0.971 -7.821 1.0
0.588 0.83 -9.953 1.0
0.656 0.834 -5.851 1.0
0.397 0.0532 -27.412 1.0
0.652 0.748 -5.242 1.0
0.476 0.81 -3.414 1.0
0.515 0.91 -7.877 1.0
0.502 0.924 -6.299 1.0
0.771 0.283 -16.326 1.0
0.233 0.983 -4.253 1.0
0.168 0.946 -5.36 1.0
0.299 0.0897 -19.671 1.0
0.427 0.946 -2.188 1.0
0.871 0.545 -10.489 1.0
0.61 0.902 -8.201 1.0
0.556 0.78 -8.212 1.0
0.611 0.763 -4.677 1.0
0.362 0.569 -15.394 1.0
0.729 0.688 -7.468 1.0
0.745 0.832 -6.217 1.0
0.412 0.919 -7.291 1.0
0.7 0.859 -6.893 1.0
0.457 0.948 -3.364 1.0
0.547 0.887 -2.696 1.0
0.286 0.728 -6.608 1.0
0.433 0.959 -4.04 1.0
0.71 0.797 -3.006 1.0
0.845 0.768 -5.448 1.0
0.276 0.941 -5.338 1.0
0.641 0.922 -4.457 1.0
0.325 0.885 -1.907 1.0
0.589 0.871 -6.543 1.0
0.852 0.789 -5.835 1.0
0.424 0.0421 -24.15 1.0
0.289 0.21 -15.039 1.0
0.681 0.462 -6.869 1.0
0.479 0.99 -2.816 1.0
0.248 0.298 -15.661 1.0
0.677 0.983 -11.119 1.0
0.278 0.985 -1.934 1.0
0.0965 0.997 -4.838 1.0
0.613 0.931 -8.687 1.0
0.758 0.759 -6.771 1.0
0.848 0.691 -6.775 1.0
0.104 0.978 -8.64 1.0
0.695 0.876 -4.262 1.0
0.66 0.952 -2.014 1.0
0.155 0.124 -20.979 1.0
0.626 0.805 -5.81 1.0
0.706 0.537 -6.347 1.0
0.782 0.791 -3.81 1.0
0.443 0.781 -4.277 1.0
0.418 0.144 -21.777 1.0
0.377 0.65 -7.609 1.0
0.677 0.724 -8.992 1.0
0.601 0.74 -5.043 1.0
0.919 0.622 -7.384 1.0
0.608 0.832 -9.088 1.0
0.766 0.725 -4.991 1.0
0.483 0.601 -9.516 1.0
0.915 0.612 -4.535 1.0
0.233 0.656 -9.588 1.0
0.687 0.931 -6.88 1.0
0.163 0.994 -4.344 1.0
0.677 0.867 -6.939 1.0
0.839 0.621 -5.739 1.0
0.748 0.693 -7.832 1.0
0.785 0.582 -4.877 1.0
0.509 0.879 -6.26 1.0
0.503 0.568 -7.182 1.0
0.59 0.989 -5.925 1.0
0.831 0.915 -7.501 1.0
0.562 0.836 -9.344 1.0
0.59 0.872 -6.698 1.0
0.834 0.481 -7.824 1.0
0.778 0.644 -7.6 1.0
0.645 0.908 -5.191 1.0
0.774 0.48 -6.599 1.0
0.449 0.423 -9.629 1.0
0.826 0.571 -4.871 1.0
0.348 0.576 -6.471 1.0
0.721 0.735 -11.849 1.0
0.134 0.992 -5.274 1.0
0.578 0.993 -6.474 1.0
0.64 0.923 -5.076 1.0
0.681 0.864 -7.839 1.0
0.773 0.906 -5.267 1.0
0.0568 0.443 -6.681 1.0
0.628 0.98 -2.776 1.0
0.555 0.532 -8.637 1.0
0.507 0.828 -6.023 1.0
0.623 0.48 -13.215 1.0
0.542 0.806 -10.115 1.0
0.535 0.99 -4.597 1.0
0.781 0.495 -6.956 1.0
0.597 0.737 -9.332 1.0
0.745 0.805 -5.549 1.0
0.268 0.989 -6.698 1.0
0.764 0.954 -5.664 1.0
0.717 0.665 -9.503 1.0
0.571 0.818 -6.539 1.0
0.635 0.958 -9.098 1.0
0.655 0.904 -9.503 1.0
0.434 0.917 -4.694 1.0
0.838 0.72 -6.593 1.0
0.816 0.588 -6.7 1.0
0.188 0.679 -9.366 1.0
0.776 0.972 -6.503 1.0
0.743 0.786 -6.929 1.0
0.205 0.992 -2.875 1.0
0.353 0.898 -5.877 1.0
0.728 0.96 -4.032 1.0
0.679 0.736 -5.954 1.0
0.693 0.744 -3.94 1.0
0.845 0.601 -5.283 1.0
0.1 0.952 -4.525 1.0
0.242 0.986 -3.224 1.0
0.876 0.878 -0.929 1.0
0.726 0.698 -9.761 1.0
0.545 0.64 -9.937 1.0
0.184 0.0978 -17.092 1.0
0.656 0.925 -2.606 1.0
0.543 0.95 -8.441 1.0
0.867 0.504 -7.737 1.0
0.354 0.23 -18.279 1.0
0.326 0.995 -4.38 1.0
0.779 0.867 -3.704 1.0
0.811 0.73 -5.432 1.0
0.341 0.209 -14.958 1.0
0.511 0.993 -3.341 1.0
0.633 0.98 -3.384 1.0
0.711 0.943 -7.745 1.0
0.454 0.932 -4.14 1.0
0.464 0.795 -9.267 1.0
0.561 0.932 -4.443 1.0
0.711 0.639 -5.338 1.0
0.657 0.545 -6.141 1.0
0.673 0.979 -6.036 1.0
0.727 0.515 -6.553 1.0
0.516 0.987 -4.08 1.0
0.677 0.52 -6.255 1.0
0.649 0.797 -7.966 1.0
0.572 0.96 -4.077 1.0
0.796 0.426 -13.207 1.0
0.833 0.579 -11.907 1.0
0.212 0.119 -20.511 1.0
0.537 0.66 -7.174 1.0
0.15 0.768 -7.803 1.0
0.652 0.433 -12.843 1.0
0.522 0.9 -2.631 1.0
0.115 0.95 -6.068 1.0
0.551 0.966 -5.674 1.0
0.899 0.713 -2.752 1.0
0.132 0.0195 -29.76 1.0
0.511 0.686 -4.924 1.0
0.658 0.711 -7.424 1.0
0.147 0.987 -5.845 1.0
0.811 0.458 -9.688 1.0
0.601 0.859 -5.263 1.0
0.763 0.628 -5.85 1.0
0.507 0.588 -12.505 1.0
0.78 0.495 -7.454 1.0
0.676 0.73 -5.963 1.0
0.673 0.683 -5.693 1.0
0.637 0.878 -4.449 1.0
0.477 0.94 -3.435 1.0
0.383 0.9 -5.42 1.0
0.808 0.918 -4.894 1.0
0.648 0.801 -7.24 1.0
0.444 0.819 -4.078 1.0
0.57 0.672 -5.888 1.0
0.271 0.551 -8.46 1.0
0.426 0.881 -3.458 1.0
0.687 0.677 -4.172 1.0
0.65 0.911 -3.829 1.0
0.461 0.653 -8.617 1.0
0.492 0.896 -5.819 1.0
0.593 0.789 -4.48 1.0
0.154 0.983 -5.513 1.0
0.495 0.94 -4.412 1.0
0.66 0.639 -12.749 1.0
0.569 0.883 -4.41 1.0
0.46 0.923 -11.251 1.0
0.778 0.784 -13.194 1.0
0.0839 0.159 -20.433 1.0
0.457 0.906 -2.278 1.0
0.79 0.928 -3.24 1.0
0.637 0.986 -7.078 1.0
0.771 0.848 -7.365 1.0
0.329 0.885 -10.661 1.0
0.807 0.887 -3.726 1.0
0.222 0.409 -15.468 1.0
0.346 0.949 -3.973 1.0
0.622 0.932 -4.66 1.0
0.625 0.726 -7.731 1.0
0.766 0.859 -7.408 1.0
0.483 0.177 -17.225 1.0
0.314 0.172 -15.706 1.0
0.56 0.841 -7.92 1.0
0.674 0.773 -4.881 1.0
0.343 0.945 -3.259 1.0
0.723 0.698 -6.169 1.0
0.611 0.828 -10.767 1.0
0.274 0.0689 -22.509 1.0
0.544 0.986 -6.635 1.0
0.337 0.856 -7.924 1.0
0.644 0.902 -9.508 1.0
0.815 0.662 -8.244 1.0
0.612 0.807 -2.81 1.0
0.926 0.542 -5.064 1.0
0.373 0.792 -5.765 1.0
0.344 0.067 -22.128 1.0
0.807 0.82 -10.581 1.0
0.412 0.994 -4.791 1.0
0.854 0.543 -6.166 1.0
0.853 0.426 -6.812 1.0
0.39 0.83 -5.201 1.0
0.689 0.886 -7.066 1.0
0.533 0.955 -3.708 1.0
0.72 0.763 -4.068 1.0
0.865 0.687 -3.744 1.0
0.358 0.167 -16.0 1.0
0.656 0.872 -3.254 1.0
0.738 0.674 -2.299 1.0
0.49 0.817 -5.405 1.0
0.574 0.971 -5.53 1.0
0.808 0.716 -3.774 1.0
0.629 0.743 -7.741 1.0
0.556 0.965 -6.562 1.0
0.811 0.647 -4.489 1.0
0.76 0.941 -1.311 1.0
0.502 0.706 -8.287 1.0
0.779 0.715 -5.886 1.0
0.69 0.747 -4.583 1.0
0.734 0.758 -5.856 1.0
0.578 0.894 -4.671 1.0
0.524 0.904 -2.071 1.0
0.684 0.91 -1.436 1.0
0.653 0.816 -6.684 1.0
0.64 0.992 -4.54 1.0
0.256 0.641 -10.283 1.0
0.324 0.682 -10.208 1.0
0.558 0.99 -2.342 1.0
0.755 0.81 -4.061 1.0
0.201 0.989 -4.151 1.0
0.192 0.98 -6.181 1.0
0.429 0.177 -18.048 1.0
0.655 0.837 -6.04 1.0
0.352 0.956 -3.634 1.0
0.826 0.79 -7.555 1.0
0.725 0.487 -5.959 1.0
0.784 0.627 -2.396 1.0
0.674 0.695 -8.636 1.0
0.52 0.798 -5.498 1.0
0.339 0.0751 -17.971 1.0
0.454 0.933 -5.607 1.0
0.188 0.99 -2.751 1.0
0.813 0.491 -9.923 1.0
0.717 0.682 -7.009 1.0
0.77 0.689 -14.337 1.0
0.68 0.543 -14.876 1.0
0.546 0.945 -4.399 1.0
0.561 0.811 -4.998 1.0
0.741 0.768 -4.349 1.0
0.675 0.779 -1.439 1.0
0.908 0.557 -4.243 1.0
0.587 0.761 -11.221 1.0
0.751 0.884 -3.54 1.0
0.202 0.834 -4.259 1.0
0.494 0.956 -8.269 1.0
0.31 0.686 -5.09 1.0
0.661 0.978 -3.064 1.0
0.586 0.927 -3.014 1.0
0.701 0.977 -6.596 1.0
0.635 0.691 -4.862 1.0
0.641 0.966 -6.742 1.0
0.484 0.413 -14.422 1.0
0.67 0.864 -5.2 1.0
0.782 0.435 -7.033 1.0
0.529 0.848 -3.672 1.0
0.605 0.989 -5.125 1.0
0.303 0.158 -15.529 1.0
0.31 0.7 -5.678 1.0
0.651 0.773 -4.882 1.0
0.579 0.809 -5.031 1.0
0.155 0.89 -8.768 1.0
0.374 0.903 -4.49 1.0
0.28 0.0801 -19.353 1.0
0.642 0.993 -8.036 1.0
0.664 0.982 -9.423 1.0
0.389 0.13 -22.729 1.0
0.713 0.526 -5.046 1.0
0.578 0.646 -6.759 1.0
0.693 0.879 -3.988 1.0
0.492 0.932 -4.689 1.0
0.626 0.735 -5.003 1.0
0.645 0.949 -6.643 1.0
0.503 0.727 -8.964 1.0
0.573 0.946 -6.178 1.0
0.0897 0.135 -16.636 1.0
0.229 0.623 -9.226 1.0
0.466 0.55 -9.517 1.0
0.449 0.934 -3.623 1.0
0.587 0.905 -4.655 1.0
0.777 0.691 -6.097 1.0
0.433 0.797 -8.726 1.0
0.339 0.985 -2.217 1.0
0.459 0.275 -18.226 1.0
0.525 0.988 -9.145 1.0
0.603 0.927 -4.575 1.0
0.487 0.17 -12.96 1.0
0.712 0.723 -7.47 1.0
0.867 0.646 -4.674 1.0
0.761 0.762 -8.275 1.0
0.698 0.724 -5.984 1.0
0.372 0.888 -5.88 1.0
0.703 0.7 -6.789 1.0
0.54 0.324 -17.801 1.0
0.108 0.492 -7.847 1.0
0.784 0.85 -3.679 1.0
0.791 0.938 -7.155 1.0
0.693 0.533 -10.954 1.0
0.243 0.0195 -34.913 1.0
0.523 0.187 -20.545 1.0
0.388 0.101 -19.262 1.0
0.78 0.89 -5.052 1.0
0.369 0.956 -7.64 1.0
0.284 0.925 -6.863 1.0
0.759 0.538 -8.256 1.0
0.871 0.728 -4.788 1.0
0.584 0.941 -6.904 1.0
0.707 0.538 -5.264 1.0
0.608 0.845 -5.007 1.0
0.685 0.954 -7.3 1.0
0.852 0.708 -6.721 1.0
0.519 0.891 -4.464 1.0
0.685 0.718 -7.724 1.0
0.589 0.655 -8.138 1.0
0.12 0.0709 -19.657 1.0
0.687 0.898 -3.93 1.0
0.165 0.224 -19.254 1.0
0.286 0.045 -27.32 1.0
0.349 0.968 -4.885 1.0
0.688 0.647 -7.258 1.0
0.864 0.813 -6.909 1.0
0.324 0.849 -4.519 1.0
0.643 0.919 -3.487 1.0
0.527 0.942 -5.64 1.0
0.442 0.932 -6.258 1.0
0.451 0.889 -2.693 1.0
0.826 0.647 -6.306 1.0
0.535 0.968 -4.238 1.0
0.838 0.594 -5.695 1.0
0.855 0.746 -3.777 1.0
0.777 0.807 -4.789 1.0
0.595 0.814 -6.508 1.0
0.337 0.561 -5.37 1.0
0.611 0.867 -4.355 1.0
0.572 0.923 -3.669 1.0
0.441 0.623 -7.331 1.0
0.504 0.896 -6.249 1.0
0.347 0.795 -5.806 1.0
0.136 0.973 -6.637 1.0
0.387 0.0727 -21.015 1.0
0.8 0.53 -8.856 1.0
0.565 0.963 -6.561 1.0
0.768 0.926 -3.749 1.0
0.643 0.879 -5.387 1.0
0.754 0.449 -9.211 1.0
0.629 0.88 -4.483 1.0
0.327 0.963 -2.877 1.0
0.0811 0.0122 -32.654 1.0
0.477 0.727 -4.053 1.0
0.8 0.56 -4.818 1.0
0.615 0.959 -5.342 1.0
0.242 0.905 -4.662 1.0
0.59 0.977 -6.293 1.0
0.674 0.953 -2.895 1.0
0.896 0.621 -6.857 1.0
0.66 0.931 -3.038 1.0
0.587 0.715 -8.956 1.0
0.479 0.994 -8.533 1.0
0.523 0.979 -4.214 1.0
0.723 0.769 -8.244 1.0
0.569 0.986 -4.027 1.0
0.502 0.88 -10.892 1.0
0.781 0.83 -8.822 1.0
0.792 0.829 -5.346 1.0
0.525 0.652 -7.042 1.0
0.237 0.96 -3.372 1.0
0.291 0.0648 -22.707 1.0
0.578 0.937 -5.66 1.0
0.599 0.931 -3.662 1.0
0.242 0.295 -10.751 1.0
0.561 0.773 -5.601 1.0
0.805 0.896 -2.53 1.0
0.676 0.774 -2.379 1.0
0.584 0.993 1.634 1.0
0.925 0.737 -1.292 1.0
0.912 0.511 -6.365 1.0
0.287 0.286 -4.856 1.0
0.623 0.763 -10.74 1.0
0.888 0.632 -3.872 1.0
0.515 0.876 -3.756 1.0
0.493 0.908 -5.582 1.0
0.58 0.935 -4.847 1.0
0.692 0.944 -2.846 1.0
0.602 0.965 -0.959 1.0
0.603 0.981 -6.65 1.0
0.715 0.8 -4.692 1.0
0.541 0.953 -4.229 1.0
0.863 0.587 -7.455 1.0
0.712 0.838 -2.679 1.0
0.732 0.933 -7.017 1.0
0.63 0.883 -5.493 1.0
0.762 0.86 -3.922 1.0
0.386 0.812 -5.435 1.0
0.0961 0.995 -2.851 1.0
0.339 0.968 -7.717 1.0
0.197 0.956 -2.908 1.0
0.242 0.998 -5.64 1.0
0.759 0.678 -5.148 1.0
0.765 0.872 -4.241 1.0
0.726 0.757 -7.155 1.0
0.666 0.955 -8.553 1.0
0.644 0.955 -8.914 1.0
0.731 0.734 -5.652 1.0
0.344 0.474 -10.975 1.0
0.699 0.711 -10.177 1.0
0.529 0.8 -8.24 1.0
0.435 0.94 -5.552 1.0
0.533 0.693 -9.566 1.0
0.144 0.955 -10.092 1.0
0.381 0.732 -7.594 1.0
0.476 0.963 -9.713 1.0
0.0635 0.78 -13.299 1.0
0.673 0.787 -4.515 1.0
0.608 0.787 -6.703 1.0
0.103 0.09 -22.159 1.0
0.64 0.889 -3.073 1.0
0.631 0.924 -5.971 1.0
0.693 0.906 -9.021 1.0
0.743 0.675 -4.267 1.0
0.575 0.46 -10.123 1.0
0.628 0.801 -7.926 1.0
0.687 0.793 -4.254 1.0
0.36 0.998 -1.897 1.0
0.874 0.897 -4.924 1.0
0.64 0.94 -2.976 1.0
0.761 0.992 -3.677 1.0
0.146 0.899 -6.947 1.0
0.494 0.983 -6.983 1.0
0.336 0.792 -10.875 1.0
0.328 0.147 -19.081 1.0
0.764 0.725 -4.192 1.0
0.659 0.812 -7.499 1.0
0.664 0.692 -4.128 1.0
0.428 0.874 -6.664 1.0
0.646 0.964 -3.751 1.0
0.171 0.268 -17.523 1.0
0.746 0.873 -3.803 1.0
0.499 0.35 -18.766 1.0
0.429 0.993 -7.887 1.0
0.34 0.489 -15.316 1.0
0.796 0.539 -9.535 1.0
0.721 0.604 -7.593 1.0
0.246 0.765 -5.869 1.0
0.589 0.89 -3.719 1.0
0.791 0.839 -4.284 1.0
0.622 0.839 -6.417 1.0
0.611 0.688 -5.688 1.0
0.609 0.737 -8.523 1.0
0.359 0.995 -3.792 1.0
0.461 0.127 -24.2 1.0
0.2 0.974 -5.487 1.0
0.152 0.83 -7.205 1.0
0.921 0.537 -5.723 1.0
0.76 0.972 -7.153 1.0
0.612 0.00984 -37.631 1.0
0.333 0.622 -8.179 1.0
0.7 0.957 -6.181 1.0
0.34 0.909 -6.409 1.0
0.33 0.0797 -21.436 1.0
0.697 0.868 -5.754 1.0
0.744 0.406 -6.378 1.0
0.25 0.213 -16.648 1.0
0.63 0.729 -5.191 1.0
0.68 0.951 -8.527 1.0
0.589 0.914 -9.06 1.0
0.479 0.975 -7.736 1.0
0.812 0.556 -9.212 1.0
0.819 0.545 -8.084 1.0
0.517 0.948 -8.617 1.0
0.297 0.136 -20.42 1.0
0.423 0.00992 -32.451 1.0
0.912 0.644 -6.63 1.0
0.555 0.639 -5.16 1.0
0.503 0.97 -5.069 1.0
0.598 0.753 -5.605 1.0
0.635 0.878 -4.753 1.0
0.754 0.319 -8.773 1.0
0.583 0.916 -4.593 1.0
0.597 0.571 -6.205 1.0
0.621 0.834 -10.068 1.0
0.762 0.724 -6.309 1.0
0.665 0.452 -8.486 1.0
0.511 0.994 -4.812 1.0
0.632 0.936 -6.271 1.0
0.841 0.868 -1.682 1.0
0.696 0.592 -6.281 1.0
0.764 0.525 -5.969 1.0
0.554 0.994 -7.551 1.0
0.577 0.935 -5.127 1.0
0.858 0.589 -5.392 1.0
0.884 0.677 -5.603 1.0
0.707 0.427 -12.216 1.0
0.416 0.49 -12.297 1.0
0.266 0.795 -2.976 1.0
0.431 0.916 -8.012 1.0
0.684 0.834 -4.524 1.0
0.783 0.522 -6.229 1.0
0.672 0.82 -4.456 1.0
0.333 0.858 -5.364 1.0
0.77 0.833 -4.536 1.0
0.62 0.963 -1.889 1.0
0.353 0.96 -5.588 1.0
0.468 0.945 -3.937 1.0
0.73 0.427 -9.834 1.0
0.53 0.339 -16.973 1.0
0.814 0.899 -5.958 1.0
0.656 0.717 -4.871 1.0
0.461 0.897 -3.982 1.0
0.598 0.554 -11.866 1.0
0.715 0.807 -10.817 1.0
0.286 0.982 -3.828 1.0
0.688 0.797 -7.495 1.0
0.236 0.288 -19.28 1.0
0.186 0.841 -6.651 1.0
0.696 0.697 -4.302 1.0
0.532 0.897 -10.979 1.0
0.508 0.137 -24.041 1.0
0.625 0.997 -0.532 1.0
0.572 0.5 -11.663 1.0
0.812 0.661 -6.519 1.0
0.0953 0.837 -7.12 1.0
0.361 0.986 -2.486 1.0
0.525 0.914 -4.183 1.0
0.401 0.85 -7.037 1.0
0.283 0.214 -20.477 1.0
0.172 0.159 -16.377 1.0
0.53 0.828 -9.35 1.0
0.468 0.996 -3.027 1.0
0.581 0.804 -8.093 1.0
0.689 0.573 -8.123 1.0
0.215 0.994 -2.291 1.0
0.832 0.918 -5.249 1.0
0.183 0.91 -7.342 1.0
0.621 0.909 -5.244 1.0
0.562 0.962 -6.369 1.0
0.744 0.574 -9.445 1.0
0.764 0.711 -3.818 1.0
0.0726 0.0532 -17.989 1.0
0.676 0.874 -4.552 1.0
0.135 0.995 -3.733 1.0
0.864 0.902 -3.132 1.0
0.164 0.0785 -21.377 1.0
0.556 0.574 -8.555 1.0
0.92 0.891 -2.398 1.0
0.723 0.84 -3.523 1.0
0.456 0.749 -4.844 1.0
0.567 0.849 -7.613 1.0
0.808 0.897 -3.712 1.0
0.518 0.858 -6.147 1.0
0.478 0.976 -1.252 1.0
0.343 0.99 -4.069 1.0
0.886 0.769 -5.124 1.0
0.741 0.759 -5.096 1.0
0.17 0.126 -1.217 1.0
0.675 0.888 -3.018 1.0
0.551 0.927 -2.263 1.0
0.429 0.535 -11.043 1.0
0.656 0.817 -4.296 1.0
0.733 0.859 -5.03 1.0
0.524 0.882 -4.636 1.0
0.8 0.723 -9.719 1.0
0.235 0.0571 -20.499 1.0
0.561 0.597 -9.221 1.0
0.444 0.911 -6.117 1.0
0.271 0.978 -4.005 1.0
0.56 0.98 -5.914 1.0
0.705 0.725 -7.435 1.0
0.907 0.961 0.839 1.0
0.666 0.715 -5.276 1.0
0.28 0.908 -5.509 1.0
0.622 0.957 -2.993 1.0
0.518 0.788 -6.856 1.0
0.762 0.537 -9.58 1.0
0.67 0.622 -6.001 1.0
0.228 0.969 -4.07 1.0
0.641 0.753 -6.041 1.0
0.605 0.864 -5.365 1.0
0.651 0.789 -8.508 1.0
0.408 0.939 -8.241 1.0
0.911 0.551 -3.75 1.0
0.365 0.3 -15.511 1.0
0.681 0.829 -3.084 1.0
0.618 0.767 -12.015 1.0
0.679 0.571 -6.802 1.0
0.636 0.93 -5.179 1.0
0.427 0.999 -5.327 1.0
0.261 0.171 -16.61 1.0
0.568 0.981 -3.889 1.0
0.82 0.65 -5.799 1.0
0.617 0.839 -7.376 1.0
0.928 0.714 -7.249 1.0
0.476 0.994 -3.19 1.0
0.581 0.624 -8.346 1.0
0.421 0.511 -11.288 1.0
0.746 0.493 -9.427 1.0
0.392 0.751 -6.586 1.0
0.342 0.484 -14.859 1.0
0.615 0.992 -1.507 1.0
0.556 0.65 -10.388 1.0
0.748 0.767 -5.548 1.0
0.64 0.922 -6.283 1.0
0.936 0.886 -4.711 1.0
0.56 0.382 -16.042 1.0
0.657 0.674 -5.273 1.0
0.282 0.983 -6.442 1.0
0.15 0.955 -9.249 1.0
0.832 0.549 -8.259 1.0
0.818 0.803 -4.282 1.0
0.841 0.728 -3.37 1.0
0.392 0.993 -2.535 1.0
0.653 0.901 -5.138 1.0
0.552 0.922 -4.321 1.0
0.614 0.868 -3.833 1.0
0.543 0.836 -9.11 1.0
0.706 0.753 -4.896 1.0
0.329 0.974 -8.77 1.0
0.64 0.427 -9.29 1.0
0.117 0.322 -14.587 1.0
0.173 0.303 -13.254 1.0
0.231 0.206 -13.593 1.0
0.283 0.835 -6.178 1.0
0.255 0.43 -12.564 1.0
0.573 0.94 -4.486 1.0
0.661 0.751 -2.909 1.0
0.622 0.923 -5.224 1.0
0.155 0.265 -19.959 1.0
0.426 0.959 -4.95 1.0
0.874 0.768 -4.086 1.0
0.823 0.563 -5.095 1.0
0.507 0.961 -4.391 1.0
0.857 0.676 -8.906 1.0
0.674 0.623 -5.97 1.0
0.752 0.921 -4.321 1.0
0.678 0.899 -2.937 1.0
0.55 0.98 -4.004 1.0
0.143 0.995 -5.698 1.0
0.509 0.984 -3.841 1.0
0.857 0.911 -3.021 1.0
0.614 0.882 -4.397 1.0
0.885 0.513 -8.173 1.0
0.502 0.735 -12.342 1.0
0.791 0.702 -7.333 1.0
0.885 0.543 -6.338 1.0
0.715 0.874 -4.052 1.0
0.184 0.994 -1.701 1.0
0.814 0.779 -3.271 1.0
0.297 0.952 -3.674 1.0
0.204 0.959 -8.127 1.0
0.552 0.988 -2.555 1.0
0.897 0.743 -5.446 1.0
0.727 0.62 -6.443 1.0
0.38 0.988 -2.042 1.0
0.336 0.978 -2.358 1.0
0.713 0.849 -9.613 1.0
0.668 0.788 -6.752 1.0
0.682 0.647 -7.332 1.0
0.719 0.686 -8.872 1.0
0.609 0.239 -20.246 1.0
0.808 0.854 -7.387 1.0
0.205 0.125 -20.313 1.0
0.887 0.485 -9.358 1.0
0.46 0.981 -7.342 1.0
0.698 0.822 -3.355 1.0
0.14 0.854 -6.549 1.0
0.764 0.455 -10.336 1.0
0.656 0.817 -4.296 1.0
0.732 0.572 -6.157 1.0
0.806 0.721 -5.167 1.0
0.582 0.974 -9.54 1.0
0.519 0.964 -8.609 1.0
0.366 0.956 -3.725 1.0
0.853 0.599 -4.756 1.0
0.517 0.986 -4.522 1.0
0.636 0.864 -8.125 1.0
0.66 0.698 -6.266 1.0
0.548 0.847 -3.237 1.0
0.776 0.754 -5.08 1.0
0.499 0.825 -5.146 1.0
0.947 0.655 -4.243 1.0
0.289 0.197 -18.424 1.0
0.653 0.964 -4.261 1.0
0.392 0.964 -4.441 1.0
0.699 0.876 -5.663 1.0
0.265 0.169 -16.814 1.0
0.349 0.692 -11.691 1.0
0.753 0.772 -6.403 1.0
0.48 0.872 -7.432 1.0
0.793 0.366 -10.051 1.0
0.431 0.938 -4.507 1.0
0.774 0.835 -5.137 1.0
0.626 0.441 -10.637 1.0
0.778 0.893 -5.257 1.0
0.538 0.749 -5.589 1.0
0.6 0.95 -2.477 1.0
0.276 0.13 -19.031 1.0
0.199 0.72 -4.34 1.0
0.159 0.969 -6.635 1.0
0.747 0.705 -5.137 1.0
0.557 0.511 -11.743 1.0
0.331 0.943 -3.188 1.0
0.775 0.568 -8.735 1.0
0.554 0.949 -4.928 1.0
0.586 0.877 -6.95 1.0
0.528 0.627 -3.719 1.0
0.693 0.908 -9.1 1.0
0.859 0.93 -11.052 1.0
0.772 0.413 -8.193 1.0
0.637 0.897 -14.128 1.0
0.764 0.724 -4.748 1.0
0.625 0.789 -8.97 1.0
0.509 0.968 -4.075 1.0
0.442 0.891 -4.339 1.0
0.732 0.797 -1.882 1.0
0.292 0.948 -6.732 1.0
0.747 0.851 -3.35 1.0
0.803 0.889 -3.698 1.0
0.722 0.811 -5.693 1.0
0.704 0.83 -7.505 1.0
0.605 0.747 -5.574 1.0
0.748 0.909 -8.322 1.0
0.508 0.986 -8.532 1.0
0.556 0.864 -5.87 1.0
0.675 0.821 -5.131 1.0
0.607 0.825 -4.077 1.0
0.707 0.816 -6.326 1.0
0.576 0.861 -7.038 1.0
0.645 0.995 -7.277 1.0
0.61 0.997 -3.327 1.0
0.631 0.748 -12.312 1.0
0.763 0.786 -6.472 1.0
0.352 0.985 -3.263 1.0
0.279 0.509 -13.193 1.0
0.66 0.933 -8.549 1.0
0.491 0.836 -10.345 1.0
0.673 0.758 -3.632 1.0
0.8 0.496 -7.135 1.0
0.725 0.594 -5.243 1.0
0.761 0.939 -2.714 1.0
0.401 0.727 -6.606 1.0
0.57 0.939 -0.716 1.0
0.43 0.704 -8.008 1.0
0.88 0.428 -8.28 1.0
0.597 0.94 -8.812 1.0
0.698 0.912 -8.993 1.0
0.847 0.912 -3.129 1.0
0.441 0.319 -13.99 1.0
0.347 0.948 -3.922 1.0
0.7 0.861 -7.922 1.0
0.72 0.898 -7.827 1.0
0.757 0.69 -8.645 1.0
0.868 0.624 -8.84 1.0
0.613 0.953 -4.936 1.0
0.388 0.203 -23.585 1.0
0.92 0.861 -5.435 1.0
0.898 0.672 -4.14 1.0
0.792 0.846 -1.828 1.0
0.582 0.908 -5.641 1.0
0.27 0.299 -15.048 1.0
0.316 0.229 -10.821 1.0
0.648 0.766 -8.514 1.0
0.227 0.995 -4.361 1.0
0.829 0.582 -5.721 1.0
0.494 0.781 -10.588 1.0
0.827 0.676 -11.159 1.0
0.882 0.965 -0.818 1.0
0.583 0.829 -4.603 1.0
0.108 0.117 -20.346 1.0
0.459 0.965 -6.792 1.0
0.939 0.498 -10.94 1.0
0.568 0.992 -2.551 1.0
0.862 0.648 -7.401 1.0
0.646 0.867 -5.215 1.0
0.768 0.794 -8.604 1.0
0.347 0.982 -3.399 1.0
0.75 0.849 -3.097 1.0
0.655 0.999 -5.452 1.0
0.895 0.739 -6.633 1.0
0.843 0.632 -11.217 1.0
0.603 0.998 -5.792 1.0
0.584 0.952 -8.307 1.0
0.556 0.346 -9.809 1.0
0.546 0.883 -5.361 1.0
0.602 0.877 -6.606 1.0
0.531 0.927 -8.553 1.0
0.541 0.402 -13.009 1.0
0.536 0.944 -3.029 1.0
0.561 0.97 -7.268 1.0
0.757 0.721 -2.906 1.0
0.627 0.778 -8.338 1.0
0.618 0.952 -7.683 1.0
0.879 0.626 -6.344 1.0
0.136 0.934 -6.631 1.0
0.496 0.969 -0.835 1.0
0.577 0.807 -9.281 1.0
0.697 0.868 -5.754 1.0
0.629 0.506 -11.768 1.0
0.837 0.692 -6.266 1.0
0.729 0.784 -11.319 1.0
0.612 0.905 -7.154 1.0
0.708 0.596 -7.692 1.0
0.442 0.181 -20.419 1.0
0.641 0.615 -7.475 1.0
0.504 0.957 -2.657 1.0
0.642 0.777 -4.809 1.0
0.918 0.68 -8.098 1.0
0.199 0.0677 -20.879 1.0
0.421 0.818 -5.597 1.0
0.756 0.857 -4.185 1.0
0.694 0.824 -6.756 1.0
0.743 0.861 -5.234 1.0
0.515 0.269 -21.859 1.0
0.508 0.932 -8.898 1.0
0.17 0.954 -6.115 1.0
0.931 0.387 -9.127 1.0
0.8 0.591 -8.808 1.0
0.503 0.995 -4.829 1.0
0.702 0.735 -10.458 1.0
0.777 0.909 -11.421 1.0
0.208 0.945 -5.277 1.0
0.621 0.799 -4.94 1.0
0.663 0.814 -4.987 1.0
0.375 0.859 -3.243 1.0
0.618 0.923 -2.097 1.0
0.355 0.791 -7.565 1.0
0.278 0.937 -6.952 1.0
0.511 0.763 -4.844 1.0
0.68 0.767 -2.387 1.0
0.219 0.999 -7.947 1.0
0.813 0.528 -6.305 1.0
0.352 0.995 -1.667 1.0
0.497 0.979 -2.998 1.0
0.481 0.94 -1.976 1.0
0.451 0.993 -4.143 1.0
0.624 0.934 -3.229 1.0
0.633 0.823 -5.792 1.0
0.496 0.819 -5.656 1.0
0.235 0.53 -6.655 1.0
0.61 0.997 -4.965 1.0
0.482 0.94 -1.443 1.0
0.768 0.852 -6.215 1.0
0.38 0.103 -25.561 1.0
0.97 0.72 -3.347 1.0
0.413 0.881 -5.541 1.0
0.514 0.941 -8.118 1.0
0.574 0.204 -16.906 1.0
0.831 0.935 -6.02 1.0
0.467 0.796 -4.412 1.0
0.852 0.745 -3.667 1.0
0.883 0.731 -4.061 1.0
0.797 0.622 -5.642 1.0
0.654 0.831 -3.733 1.0
0.694 0.51 -11.75 1.0
0.637 0.876 -5.174 1.0
0.511 0.214 -19.807 1.0
0.912 0.416 -5.943 1.0
0.552 0.813 -5.628 1.0
0.936 0.585 -6.914 1.0
0.25 0.262 -18.507 1.0
0.317 0.78 -5.038 1.0
0.779 0.66 -4.854 1.0
0.328 0.5 -11.451 1.0
0.508 0.946 -4.129 1.0
0.405 0.962 -4.894 1.0
0.308 0.598 -12.454 1.0
0.609 0.757 -7.948 1.0
0.587 0.788 -3.533 1.0
0.744 0.422 -8.946 1.0
0.223 0.165 -16.394 1.0
0.943 0.809 -4.23 1.0
0.783 0.464 -8.122 1.0
0.419 0.996 -5.325 1.0
0.672 0.83 -4.286 1.0
0.652 0.767 -10.445 1.0
0.546 0.97 -2.661 1.0
0.686 0.773 -7.316 1.0
0.494 0.958 -7.765 1.0
0.505 0.981 -3.779 1.0
0.359 0.979 -5.599 1.0
0.415 0.96 -5.516 1.0
0.575 0.979 -1.561 1.0
0.956 0.745 -4.753 1.0
0.549 0.947 -4.091 1.0
0.762 0.658 -9.568 1.0
0.963 0.346 -9.309 1.0
0.173 0.0274 -23.951 1.0
0.187 0.996 -2.869 1.0
0.608 0.825 -6.303 1.0
0.619 0.672 -7.786 1.0
0.503 0.973 -7.218 1.0
0.755 0.567 -6.582 1.0
0.243 0.751 -7.797 1.0
0.489 0.995 -8.467 1.0
0.831 0.713 -6.967 1.0
0.74 0.613 -4.88 1.0
0.723 0.879 -7.355 1.0
0.3 0.965 -6.724 1.0
0.179 0.74 -4.616 1.0
0.567 0.981 -7.641 1.0
0.767 0.864 -1.847 1.0
0.702 0.58 -6.819 1.0
0.819 0.582 -5.533 1.0
0.643 0.669 -7.485 1.0
0.929 0.667 -6.789 1.0
0.583 0.425 -15.521 1.0
0.867 0.796 -4.73 1.0
0.401 0.974 -6.732 1.0
0.659 0.9 -4.037 1.0
0.554 0.731 -5.771 1.0
0.591 0.959 -3.074 1.0
0.706 0.888 -6.959 1.0
0.707 0.724 -3.887 1.0
0.479 0.698 -7.914 1.0
0.678 0.77 -4.399 1.0
0.8 0.502 -6.062 1.0
0.769 0.781 -5.472 1.0
0.775 0.823 -4.941 1.0
0.356 0.961 -8.787 1.0
0.797 0.846 -7.033 1.0
0.643 0.961 -5.298 1.0
0.251 0.987 -5.47 1.0
0.806 0.849 -6.716 1.0
0.596 0.921 -4.987 1.0
0.637 0.834 -4.686 1.0
0.854 0.741 -7.957 1.0
0.501 0.982 -7.244 1.0
0.745 0.982 -11.883 1.0
0.24 0.206 -16.946 1.0
0.681 0.888 -4.635 1.0
0.873 0.59 -10.046 1.0
0.885 0.61 -6.266 1.0
0.21 0.153 -17.764 1.0
0.554 0.849 -5.181 1.0
0.729 0.666 -10.212 1.0
0.696 0.965 -6.279 1.0
0.5 0.58 -5.886 1.0
0.818 0.725 -4.903 1.0
0.934 0.505 -7.648 1.0
0.609 0.887 -5.649 1.0
0.542 0.914 -4.747 1.0
0.779 0.705 -5.891 1.0
0.721 0.653 -9.174 1.0
0.313 0.997 -2.025 1.0
0.647 0.822 -4.662 1.0
0.819 0.626 -4.574 1.0
0.576 0.901 -6.565 1.0
0.328 0.998 -3.051 1.0
0.626 0.961 -3.587 1.0
0.811 0.646 -9.22 1.0
0.584 0.879 -4.699 1.0
0.38 0.887 -7.408 1.0
0.756 0.652 -7.617 1.0
0.491 0.983 -6.998 1.0
0.437 0.179 -16.794 1.0
0.706 0.786 -3.417 1.0
0.305 0.953 -6.508 1.0
0.622 0.903 -5.651 1.0
0.592 0.996 -7.689 1.0
0.514 0.742 -6.689 1.0
0.625 0.973 -0.501 1.0
0.805 0.927 -2.339 1.0
0.459 0.983 -6.719 1.0
0.746 0.534 -6.326 1.0
0.513 0.87 -6.57 1.0
0.853 0.871 -3.715 1.0
0.798 0.904 -2.54 1.0
0.402 0.45 -7.559 1.0
0.168 0.0373 -23.719 1.0
0.524 0.313 -18.135 1.0
0.439 0.953 -0.738 1.0
0.43 0.994 -6.816 1.0
0.631 0.7 -5.263 1.0
0.458 0.909 -4.414 1.0
0.58 0.916 -4.358 1.0
0.707 0.925 -3.067 1.0
0.501 0.975 -4.872 1.0
0.419 0.878 -6.352 1.0
0.539 0.762 -6.908 1.0
0.816 0.906 -5.052 1.0
0.64 0.878 -6.481 1.0
0.539 0.735 -9.224 1.0
0.738 0.937 -7.788 1.0
0.73 0.816 -5.402 1.0
0.599 0.91 -7.403 1.0
0.739 0.947 -1.916 1.0
0.696 0.774 -2.424 1.0
0.531 0.39 -13.238 1.0
0.634 0.8 -3.981 1.0
0.438 0.219 -21.507 1.0
0.66 0.71 -4.541 1.0
0.659 0.999 -4.912 1.0
0.249 0.999 -9.04 1.0
0.483 0.95 -6.021 1.0
0.559 0.716 -3.964 1.0
0.712 0.803 -6.155 1.0
0.603 0.872 -4.506 1.0
0.241 0.106 -19.619 1.0
0.66 0.536 -8.786 1.0
0.197 0.909 -5.321 1.0
0.577 0.855 -6.783 1.0
0.658 0.903 -3.759 1.0
0.687 0.836 -2.949 1.0
0.625 0.932 -8.365 1.0
0.918 0.434 -10.715 1.0
0.529 0.767 -5.847 1.0
0.557 0.886 -4.196 1.0
0.841 0.739 -5.111 1.0
0.721 0.93 -5.743 1.0
0.581 0.917 -3.519 1.0
0.572 0.956 -4.376 1.0
0.886 0.921 -5.691 1.0
0.658 0.677 -6.628 1.0
0.569 0.997 -5.551 1.0
0.409 0.952 -3.761 1.0
0.545 0.781 -3.616 1.0
0.554 0.934 -1.753 1.0
0.656 0.838 -8.215 1.0
0.878 0.417 -6.799 1.0
0.166 0.961 -3.462 1.0
0.584 0.833 -5.824 1.0
0.867 0.744 -5.171 1.0
0.653 0.826 -5.352 1.0
0.4 0.828 -7.714 1.0
0.748 0.857 -4.701 1.0
0.544 0.598 -10.324 1.0
0.598 0.819 -5.534 1.0
0.771 0.685 -4.639 1.0
0.265 0.592 -5.662 1.0
0.571 0.954 -3.399 1.0
0.688 0.998 -6.688 1.0
0.269 0.979 -5.9 1.0
0.219 0.0359 -22.931 1.0
0.712 0.564 -6.527 1.0
0.255 0.367 -17.042 1.0
0.8 0.696 -6.231 1.0
0.537 0.98 -6.112 1.0
0.386 0.239 -14.492 1.0
0.649 0.973 -8.272 1.0
0.727 0.882 -6.469 1.0
0.341 0.194 -19.118 1.0
0.781 0.728 -4.981 1.0
0.4 0.905 -4.222 1.0
0.399 0.999 -6.039 1.0
0.498 0.934 -5.568 1.0
0.85 0.7 -6.49 1.0
0.821 0.871 -6.7 1.0
0.713 0.692 -8.554 1.0
0.62 0.888 -11.988 1.0
0.265 0.145 -18.301 1.0
0.546 0.848 -5.595 1.0
0.703 0.612 -4.513 1.0
0.268 0.966 -3.146 1.0
0.614 0.961 -7.656 1.0
0.518 0.39 -16.271 1.0
0.463 0.977 -8.067 1.0
0.53 0.81 -6.713 1.0
0.127 0.977 -1.797 1.0
0.332 0.988 -4.111 1.0
0.588 0.877 -4.78 1.0
0.709 0.679 -6.503 1.0
0.909 0.405 -8.133 1.0
0.736 0.891 -6.277 1.0
0.596 0.65 -5.167 1.0
0.268 0.0927 -21.616 1.0
0.671 0.501 -13.119 1.0
0.574 0.977 -6.308 1.0
0.377 1.0 -4.028 1.0
0.867 0.517 -13.222 1.0
0.395 0.982 -10.694 1.0
0.417 0.934 -3.908 1.0
0.82 0.592 -7.002 1.0
0.494 0.943 -3.704 1.0
0.85 0.513 -10.663 1.0
0.357 0.982 -3.41 1.0
0.0948 0.795 -6.665 1.0
0.525 0.992 -6.357 1.0
0.592 0.911 -7.975 1.0
0.612 0.933 -9.165 1.0
0.8 0.663 -3.832 1.0
0.429 0.785 -15.578 1.0
0.683 0.796 -4.179 1.0
0.209 0.991 -1.876 1.0
0.53 0.967 -2.108 1.0
0.531 0.574 -6.693 1.0
0.426 0.974 -3.038 1.0
0.559 0.716 -3.964 1.0
0.68 0.87 -4.461 1.0
0.59 0.915 -5.49 1.0
0.664 0.706 -7.045 1.0
0.442 0.974 -4.327 1.0
0.298 0.905 -5.616 1.0
0.645 0.958 -6.429 1.0
0.402 0.975 -4.499 1.0
0.103 0.482 -5.995 1.0
0.0781 0.0462 -23.246 1.0
0.841 0.522 -5.963 1.0
0.0 0.0842 -19.397 1.0
0.302 0.865 -3.216 1.0
0.325 0.271 -14.763 1.0
0.292 0.0664 -22.206 1.0
0.426 0.584 -5.293 1.0
0.595 0.947 -3.652 1.0
0.672 0.869 -6.056 1.0
0.596 0.815 -5.668 1.0
0.756 0.521 -10.855 1.0
0.316 0.969 -5.721 1.0
0.787 0.842 -9.417 1.0
0.739 0.341 -9.971 1.0
0.735 0.831 -5.898 1.0
0.392 0.402 -9.961 1.0
0.592 0.84 -4.569 1.0
0.351 0.877 -5.044 1.0
0.907 0.633 -5.145 1.0
0.841 0.541 -7.121 1.0
0.729 0.936 -7.536 1.0
0.136 0.164 -18.756 1.0
0.843 0.7 -3.249 1.0
0.0885 0.174 -12.919 1.0
0.7 0.896 -2.276 1.0
0.213 0.995 -6.564 1.0
0.675 0.699 -6.539 1.0
0.655 0.992 -7.438 1.0
0.408 0.0713 -19.118 1.0
0.853 0.693 -6.87 1.0
0.581 0.715 -11.645 1.0
0.691 0.951 -10.217 1.0
0.45 0.883 -4.094 1.0
0.212 0.941 -6.111 1.0
0.704 0.859 -4.877 1.0
0.682 0.999 -7.337 1.0
0.539 0.907 -4.757 1.0
0.673 0.84 -5.114 1.0
0.498 0.83 -5.157 1.0
0.629 0.864 -9.126 1.0
0.795 0.793 -5.319 1.0
0.523 0.994 -2.774 1.0
0.745 0.931 -4.773 1.0
0.476 0.901 -6.751 1.0
0.576 0.884 -6.15 1.0
0.811 0.657 -6.197 1.0
0.456 0.985 -2.949 1.0
0.171 0.85 -7.727 1.0
0.944 0.511 -10.96 1.0
0.908 0.721 -2.761 1.0
0.111 0.906 -6.489 1.0
0.733 0.777 -2.83 1.0
0.677 0.892 -5.709 1.0
0.504 0.993 -7.373 1.0
0.491 0.921 -4.341 1.0
0.436 0.876 -4.902 1.0
0.688 0.61 -6.79 1.0
0.432 0.832 -5.825 1.0
0.57 0.714 -5.245 1.0
0.792 0.793 -6.185 1.0
0.689 0.867 -9.217 1.0
0.626 0.59 -5.547 1.0
0.796 0.926 -4.925 1.0
0.5 0.767 -4.105 1.0
0.462 0.624 -8.213 1.0
0.131 0.819 -2.169 1.0
0.468 0.921 -4.789 1.0
0.56 0.869 -3.804 1.0
0.763 0.847 -4.137 1.0
0.513 0.973 -4.115 1.0
0.364 0.964 -5.407 1.0
0.307 0.229 -15.872 1.0
0.437 0.748 -6.349 1.0
0.688 0.519 -4.285 1.0
0.178 0.0747 -23.132 1.0
0.76 0.989 -5.947 1.0
0.741 0.754 -5.899 1.0
0.514 0.827 -9.305 1.0
0.707 0.954 -9.789 1.0
0.36 0.781 -5.341 1.0
0.855 0.668 -4.892 1.0
0.808 0.835 -4.586 1.0
0.558 0.83 -4.756 1.0
0.445 0.98 -4.369 1.0
0.438 0.805 -6.237 1.0
0.574 0.998 -5.931 1.0
0.168 0.967 -6.188 1.0
0.741 0.798 -5.342 1.0
0.769 0.787 -3.909 1.0
0.716 0.893 -2.397 1.0
0.402 0.73 -9.327 1.0
0.339 0.931 -3.425 1.0
0.249 0.834 -8.21 1.0
0.689 0.77 -5.646 1.0
0.514 0.988 -5.141 1.0
0.835 0.707 -5.074 1.0
0.683 0.537 -6.945 1.0
0.825 0.285 -17.491 1.0
0.803 0.595 -8.977 1.0
0.514 0.99 -8.559 1.0
0.669 0.812 -8.14 1.0
0.494 0.969 -3.5 1.0
0.594 0.73 -4.638 1.0
0.76 0.524 -7.67 1.0
0.8 0.362 -10.849 1.0
0.864 0.729 -4.621 1.0
0.67 0.616 -6.123 1.0
0.719 0.791 -3.011 1.0
0.411 0.962 -6.777 1.0
0.79 0.647 -5.983 1.0
0.715 0.775 -6.613 1.0
0.915 0.37 -8.696 1.0
0.552 0.916 -2.46 1.0
0.385 0.963 -3.912 1.0
0.76 0.458 -8.834 1.0
0.51 0.942 0.05 1.0
0.669 0.827 -5.937 1.0
0.751 0.744 -6.859 1.0
0.667 0.854 -2.321 1.0
0.512 0.917 -2.969 1.0
0.755 0.604 -5.436 1.0
0.432 0.884 -6.659 1.0
0.52 0.924 -4.748 1.0
0.671 0.939 -3.206 1.0
0.536 0.612 -5.847 1.0
0.505 0.842 -3.316 1.0
0.525 0.207 -24.234 1.0
0.699 0.514 -12.61 1.0
0.531 0.976 -4.7 1.0
0.154 0.983 -6.425 1.0
0.679 0.924 -6.473 1.0
0.584 0.978 -7.228 1.0
0.817 0.84 -8.598 1.0
0.635 0.614 -7.165 1.0
0.587 0.927 -12.037 1.0
0.356 0.784 -8.617 1.0
0.554 0.899 -4.573 1.0
0.383 0.996 -2.39 1.0
0.553 0.949 -2.391 1.0
0.558 0.953 -6.874 1.0
0.606 0.789 -3.865 1.0
0.767 0.759 -6.516 1.0
0.598 0.999 -6.758 1.0
0.435 0.986 -3.458 1.0
0.623 0.91 -5.29 1.0
0.58 0.877 -4.193 1.0
0.573 0.679 -6.774 1.0
0.263 0.965 -4.25 1.0
0.55 0.402 -10.935 1.0
0.8 0.502 -7.714 1.0
0.65 0.712 -8.25 1.0
0.527 0.871 -8.708 1.0
0.766 0.744 -3.785 1.0
0.479 0.989 -5.189 1.0
0.538 0.981 -2.688 1.0
0.623 0.986 -6.687 1.0
0.0785 0.0418 -17.451 1.0
0.665 0.851 -9.198 1.0
0.749 0.605 -9.359 1.0
0.259 0.087 -22.444 1.0
0.775 0.825 -5.402 1.0
0.445 0.994 -5.337 1.0
0.687 0.691 -4.091 1.0
0.779 0.767 -5.462 1.0
0.537 0.759 -4.782 1.0
0.528 0.998 -5.007 1.0
0.623 0.677 -5.215 1.0
0.578 0.933 -7.658 1.0
0.544 0.648 -8.454 1.0
0.647 0.978 -6.928 1.0
0.496 0.863 -4.153 1.0
0.649 0.855 -5.815 1.0
0.0934 0.892 -7.148 1.0
0.487 0.119 -19.508 1.0
0.555 0.896 -3.295 1.0
0.68 0.999 -5.167 1.0
0.741 0.99 -2.614 1.0
0.545 0.865 -5.708 1.0
0.575 0.998 -5.957 1.0
0.592 0.85 -5.84 1.0
0.897 0.662 -6.903 1.0
0.33 0.997 -4.321 1.0
0.441 0.966 -5.887 1.0
0.455 0.997 -4.992 1.0
0.335 0.372 -16.127 1.0
0.713 0.996 -2.078 1.0
0.537 0.998 -6.422 1.0
0.713 0.378 -9.04 1.0
0.924 0.722 -3.822 1.0
0.646 0.77 -6.596 1.0
0.545 0.753 -4.618 1.0
0.881 0.874 -4.505 1.0
0.776 0.603 -5.696 1.0
0.688 0.835 -4.162 1.0
0.203 0.997 -6.483 1.0
0.837 0.469 -7.666 1.0
0.415 0.908 -9.701 1.0
0.729 0.434 -9.111 1.0
0.69 0.879 -11.634 1.0
0.329 0.673 -8.465 1.0
0.894 0.791 -4.699 1.0
0.735 0.709 -7.632 1.0
0.74 0.956 -5.725 1.0
0.677 0.539 -14.439 1.0
0.382 0.511 -8.693 1.0
0.505 0.964 -3.673 1.0
0.696 0.527 -14.275 1.0
0.861 0.698 -6.21 1.0
0.684 0.606 -7.268 1.0
0.401 0.186 -15.827 1.0
0.36 0.718 -8.088 1.0
0.837 0.482 -8.608 1.0
0.697 0.872 -5.775 1.0
0.293 0.317 -14.707 1.0
0.248 0.919 -9.81 1.0
0.275 0.157 -18.752 1.0
0.42 0.963 -3.604 1.0
0.743 0.705 -4.803 1.0
0.657 0.933 -4.758 1.0
0.587 0.946 -7.284 1.0
0.588 0.856 -12.418 1.0
0.31 0.991 -3.769 1.0
0.482 0.976 -7.001 1.0
0.559 0.901 -9.68 1.0
0.838 0.486 -7.334 1.0
0.395 0.967 -3.755 1.0
0.341 0.137 -21.205 1.0
0.218 0.134 -13.005 1.0
0.641 0.637 -10.92 1.0
0.472 0.996 -0.578 1.0
0.513 0.622 -8.599 1.0
0.799 0.647 -6.553 1.0
0.502 0.968 -3.423 1.0
0.654 0.637 -6.915 1.0
0.44 0.993 -1.115 1.0
0.598 0.496 -9.309 1.0
0.867 0.68 -5.508 1.0
0.643 0.782 -6.012 1.0
0.691 0.964 -10.677 1.0
0.612 0.863 -4.258 1.0
0.88 0.528 -11.505 1.0
0.216 0.952 -7.561 1.0
0.112 0.13 -18.963 1.0
0.606 0.985 -5.853 1.0
0.587 0.736 -6.815 1.0
0.639 0.995 -5.842 1.0
0.602 0.957 -8.954 1.0
0.633 0.79 -6.767 1.0
0.432 0.953 -4.469 1.0
0.352 0.991 -3.156 1.0
0.374 0.92 -4.653 1.0
0.672 0.697 -7.223 1.0
0.88 0.558 -10.426 1.0
0.536 0.907 -10.249 1.0
0.523 0.943 -4.203 1.0
0.114 0.00374 -27.674 1.0
0.77 0.86 -3.702 1.0
0.617 0.717 -7.858 1.0
0.585 0.867 -5.233 1.0
0.664 0.758 -6.583 1.0
0.692 0.998 -7.095 1.0
0.644 0.923 -7.155 1.0
0.57 0.925 -4.184 1.0
0.659 0.836 -7.961 1.0
0.89 0.558 -3.036 1.0
0.478 0.967 -4.181 1.0
0.223 0.984 -6.422 1.0
0.57 0.956 -6.259 1.0
0.614 0.888 -7.794 1.0
0.787 0.611 -9.114 1.0
0.296 0.115 -19.629 1.0
0.622 0.751 -2.284 1.0
0.34 0.935 -7.143 1.0
0.867 0.744 -5.171 1.0
0.628 0.881 -4.698 1.0
0.504 0.856 -6.271 1.0
0.494 0.96 -5.478 1.0
0.286 0.991 -2.317 1.0
0.185 0.442 -10.486 1.0
0.825 0.572 -6.067 1.0
0.829 0.51 -7.833 1.0
0.731 0.902 -10.807 1.0
0.802 0.552 -4.796 1.0
0.53 0.9 -6.119 1.0
0.732 0.869 -7.524 1.0
0.585 0.879 -8.928 1.0
0.763 0.598 -6.865 1.0
0.381 0.98 -6.134 1.0
0.626 0.913 -4.452 1.0
0.486 0.986 -4.71 1.0
0.702 0.949 -6.201 1.0
0.827 0.852 -12.052 1.0
0.412 0.441 -11.523 1.0
0.339 0.149 -23.978 1.0
0.743 0.997 -5.781 1.0
0.756 0.922 -5.918 1.0
0.523 0.626 -9.425 1.0
0.587 0.847 -5.273 1.0
0.544 0.805 -2.765 1.0
0.62 0.573 -11.893 1.0
0.737 0.809 -8.742 1.0
0.522 0.651 -9.817 1.0
0.103 0.393 -5.647 1.0
0.816 0.5 -4.551 1.0
0.883 0.817 -5.414 1.0
0.634 0.997 -6.852 1.0
0.503 0.916 -4.744 1.0
0.806 0.867 -3.538 1.0
0.465 0.907 -6.404 1.0
0.611 0.944 -4.11 1.0
0.899 0.588 -7.072 1.0
0.631 0.977 -3.121 1.0
0.269 0.811 -3.691 1.0
0.8 0.56 -14.032 1.0
0.259 0.917 -6.574 1.0
0.594 0.913 -4.695 1.0
0.76 0.794 -4.311 1.0
0.15 0.229 -17.426 1.0
0.671 0.88 -6.149 1.0
0.572 0.449 -6.566 1.0
0.64 0.853 -4.668 1.0
0.466 0.833 -4.215 1.0
0.74 0.574 -6.938 1.0
0.365 0.0407 -25.818 1.0
0.118 0.98 -5.63 1.0
0.675 0.753 -7.793 1.0
0.539 0.801 -4.962 1.0
0.559 0.82 -7.224 1.0
0.727 0.773 -3.164 1.0
0.229 0.994 -3.431 1.0
0.701 0.615 -11.885 1.0
0.501 0.813 -3.557 1.0
0.61 0.834 -6.018 1.0
0.461 0.961 -3.011 1.0
0.371 0.912 -7.296 1.0
0.729 0.625 -5.266 1.0
0.663 0.956 -2.322 1.0
0.624 0.723 -6.782 1.0
0.772 0.688 -4.715 1.0
0.494 0.861 -5.758 1.0
0.618 0.679 -15.206 1.0
0.512 0.996 -2.1 1.0
0.787 0.706 -10.424 1.0
0.19 0.0367 -29.868 1.0
0.734 0.668 -3.935 1.0
0.343 0.0252 -27.013 1.0
0.276 0.905 -6.664 1.0
0.557 0.978 -3.965 1.0
0.387 0.137 -15.211 1.0
0.771 0.68 -5.881 1.0
0.457 0.215 -17.339 1.0
0.594 0.735 -4.642 1.0
0.696 0.759 -8.642 1.0
0.467 0.971 -4.341 1.0
0.685 0.803 -4.251 1.0
0.673 0.842 -4.627 1.0
0.66 0.765 -7.121 1.0
0.766 0.938 -6.005 1.0
0.557 0.798 -7.405 1.0
0.408 0.8 -6.716 1.0
0.78 0.824 -2.988 1.0
0.295 0.91 -8.077 1.0
0.429 0.631 -11.514 1.0
0.316 0.765 -12.151 1.0
0.904 0.655 -5.102 1.0
0.79 0.608 -7.151 1.0
0.779 0.834 -2.773 1.0
0.623 0.711 -6.813 1.0
0.644 0.949 -3.07 1.0
0.58 0.952 -8.837 1.0
0.615 0.953 -7.245 1.0
0.58 0.931 -4.23 1.0
0.754 0.857 -9.699 1.0
0.776 0.887 -9.681 1.0
0.658 0.621 -5.725 1.0