2336 3
0.552 0.731 -6.873 0.0
0.62 0.446 -14.451 0.0
0.559 0.345 -13.496 0.0
0.298 0.0768 -27.359 0.0
0.729 0.656 -8.56 0.0
0.706 0.505 -6.923 0.0
0.45 0.147 -16.838 0.0
0.61 0.297 -14.956 0.0
0.421 0.027 -28.499 0.0
0.315 0.713 -5.71 0.0
0.513 0.826 -8.407 0.0
0.444 0.243 -15.944 0.0
0.619 0.521 -8.092 0.0
0.0842 0.0503 -27.969 0.0
0.859 0.684 -6.962 0.0
0.608 0.613 -5.221 0.0
0.316 0.0617 -28.556 0.0
0.566 0.574 -7.187 0.0
0.514 0.509 -7.907 0.0
0.176 0.995 -1.631 0.0
0.659 0.609 -6.976 0.0
0.885 0.64 -5.305 0.0
0.448 0.307 -11.369 0.0
0.547 0.638 -8.207 0.0
0.583 0.5 -9.981 0.0
0.566 0.708 -10.621 0.0
0.603 0.341 -8.892 0.0
0.469 0.538 -13.559 0.0
0.587 0.561 -6.569 0.0
0.683 0.392 -13.213 0.0
0.747 0.306 -17.023 0.0
0.532 0.771 -3.815 0.0
0.419 0.388 -13.236 0.0
0.374 0.317 -14.56 0.0
0.423 0.667 -7.012 0.0
0.433 0.159 -15.363 0.0
0.724 0.598 -6.522 0.0
0.554 0.49 -8.725 0.0
0.592 0.0562 -14.344 0.0
0.634 0.368 -14.953 0.0
0.212 0.0517 -24.467 0.0
0.176 0.0534 -27.626 0.0
0.606 0.497 -5.005 0.0
0.515 0.431 -8.251 0.0
0.171 0.00926 -31.675 0.0
0.696 0.532 -7.869 0.0
0.457 0.48 -15.776 0.0
0.548 0.224 -10.651 0.0
0.582 0.684 -7.366 0.0
0.544 0.116 -15.167 0.0
0.666 0.83 -5.715 0.0
0.642 0.397 -16.842 0.0
0.376 0.778 -5.099 0.0
0.455 0.437 -8.863 0.0
0.486 0.487 -11.633 0.0
0.56 0.0292 -28.316 0.0
0.471 0.262 -19.226 0.0
0.581 0.0594 -26.717 0.0
0.719 0.328 -8.545 0.0
0.719 0.556 -8.77 0.0
0.565 0.427 -8.273 0.0
0.172 0.0702 -21.808 0.0
0.421 0.661 -13.126 0.0
0.484 0.326 -8.704 0.0
0.48 0.631 -5.488 0.0
0.543 0.75 -7.071 0.0
0.659 0.198 -18.337 0.0
0.743 0.679 -8.295 0.0
0.419 0.0334 -22.151 0.0
0.741 0.557 -11.159 0.0
0.666 0.4 -7.324 0.0
0.254 0.383 -8.036 0.0
0.591 0.631 -6.782 0.0
0.5 0.225 -10.22 0.0
0.936 0.559 -8.587 0.0
0.222 0.0775 -21.517 0.0
0.352 0.45 -8.77 0.0
0.528 0.119 -17.897 0.0
0.792 0.625 -5.609 0.0
0.397 0.00828 -27.853 0.0
0.538 0.612 -6.02 0.0
0.779 0.572 -9.985 0.0
0.496 0.265 -15.941 0.0
0.867 0.746 -7.445 0.0
0.451 0.752 -6.993 0.0
0.611 0.813 -7.689 0.0
0.633 0.622 -7.001 0.0
0.392 0.708 -6.82 0.0
0.298 0.136 -17.651 0.0
0.806 0.499 -9.524 0.0
0.709 0.699 -11.905 0.0
0.421 0.461 -10.901 0.0
0.572 0.913 -4.26 0.0
0.462 0.71 -6.474 0.0
0.822 0.567 -9.583 0.0
0.0619 0.00938 -40.748 0.0
0.711 0.165 -14.523 0.0
0.626 0.583 -7.574 0.0
0.344 0.553 -8.715 0.0
0.653 0.49 -10.106 0.0
0.716 0.531 -7.355 0.0
0.579 0.508 -9.484 0.0
0.386 0.607 -7.7 0.0
0.682 0.553 -11.606 0.0
0.367 0.00516 -37.108 0.0
0.373 0.567 -10.835 0.0
0.796 0.149 -17.885 0.0
0.679 0.419 -8.166 0.0
0.925 0.31 -6.531 0.0
0.606 0.646 -8.485 0.0
0.0647 0.0814 -22.855 0.0
0.563 0.456 -7.177 0.0
0.794 0.613 -8.711 0.0
0.593 0.791 -8.698 0.0
0.56 0.209 -13.591 0.0
0.554 0.516 -6.819 0.0
0.617 0.567 -7.739 0.0
0.607 0.269 -12.929 0.0
0.0618 0.00804 -36.977 0.0
0.524 0.301 -13.589 0.0
0.744 0.696 -8.313 0.0
0.605 0.228 -16.116 0.0
0.604 0.573 -7.197 0.0
0.441 0.522 -8.167 0.0
0.652 0.338 -11.58 0.0
0.462 0.586 -9.77 0.0
0.473 0.423 -9.065 0.0
0.443 0.444 -8.352 0.0
0.746 0.677 -7.128 0.0
0.601 0.625 -10.501 0.0
0.543 0.117 -15.153 0.0
0.581 0.691 -5.33 0.0
0.666 0.362 -11.032 0.0
0.717 0.406 -13.954 0.0
0.459 0.322 -12.912 0.0
0.73 0.7 -8.648 0.0
0.582 0.358 -12.042 0.0
0.63 0.262 -18.876 0.0
0.649 0.425 -9.811 0.0
0.865 0.652 -9.046 0.0
0.52 0.538 -8.109 0.0
0.46 0.00618 -28.121 0.0
0.372 0.588 -7.022 0.0
0.8 0.543 -9.236 0.0
0.615 0.615 -7.534 0.0
0.699 0.285 -11.572 0.0
0.537 0.695 -9.88 0.0
0.432 0.565 -10.067 0.0
0.748 0.74 -6.01 0.0
0.425 0.372 -10.92 0.0
0.662 0.627 -9.246 0.0
0.515 0.684 -7.064 0.0
0.598 0.184 -17.049 0.0
0.494 0.533 -10.169 0.0
0.439 0.413 -6.755 0.0
0.499 0.597 -5.31 0.0
0.925 0.308 -6.562 0.0
0.496 0.364 -10.579 0.0
0.834 0.73 -3.714 0.0
0.908 0.535 -8.509 0.0
0.404 0.0722 -17.763 0.0
0.722 0.518 -10.78 0.0
0.29 0.756 -5.408 0.0
0.743 0.347 -11.174 0.0
0.536 0.574 -6.705 0.0
0.412 0.944 -2.896 0.0
0.354 0.0322 -27.492 0.0
0.754 0.368 -15.8 0.0
0.649 0.401 -7.535 0.0
0.451 0.672 -6.006 0.0
0.0 0.0 0.0 0.0
0.689 0.463 -11.716 0.0
0.667 0.381 -7.494 0.0
0.378 0.756 -11.073 0.0
0.88 0.29 -12.383 0.0
0.631 0.334 -10.156 0.0
0.512 0.598 -4.959 0.0
0.688 0.545 -7.089 0.0
0.706 0.688 -6.357 0.0
0.776 0.482 -11.56 0.0
0.712 0.474 -9.443 0.0
0.43 0.312 -10.808 0.0
0.334 0.787 -5.675 0.0
0.46 0.712 -8.254 0.0
0.438 0.56 -8.756 0.0
0.443 0.434 -8.239 0.0
0.364 0.45 -10.117 0.0
0.374 0.801 -5.858 0.0
0.624 0.357 -10.031 0.0
0.323 0.336 -9.413 0.0
0.704 0.834 -7.131 0.0
0.434 0.563 -6.784 0.0
0.826 0.416 -7.615 0.0
0.441 0.455 -14.207 0.0
0.573 0.722 -6.518 0.0
0.495 0.86 -6.675 0.0
0.675 0.448 -11.52 0.0
0.557 0.0736 -15.741 0.0
0.636 0.8 -4.265 0.0
0.721 0.707 -6.364 0.0
0.477 0.433 -6.473 0.0
0.629 0.676 -7.088 0.0
0.767 0.496 -11.399 0.0
0.426 0.139 -23.774 0.0
0.388 0.127 -19.024 0.0
0.217 0.113 -23.596 0.0
0.649 0.453 -7.28 0.0
0.206 0.0127 -33.265 0.0
0.65 0.306 -9.443 0.0
0.512 0.243 -14.034 0.0
0.556 0.253 -12.391 0.0
0.634 0.62 -8.83 0.0
0.73 0.576 -5.442 0.0
0.346 0.0951 -27.209 0.0
0.769 0.777 -6.066 0.0
0.444 0.369 -9.03 0.0
0.725 0.808 -6.843 0.0
0.606 0.0916 -12.61 0.0
0.703 0.857 -6.433 0.0
0.684 0.677 -7.194 0.0
0.38 0.0463 -29.616 0.0
0.219 0.0531 -26.061 0.0
0.518 0.411 -7.896 0.0
0.739 0.523 -10.462 0.0
0.822 0.502 -7.38 0.0
0.753 0.753 -13.023 0.0
0.439 0.434 -14.918 0.0
0.592 0.398 -10.81 0.0
0.426 0.437 -6.679 0.0
0.529 0.535 -13.971 0.0
0.452 0.524 -10.108 0.0
0.0642 0.0294 -30.247 0.0
0.669 0.419 -6.724 0.0
0.551 0.514 -12.617 0.0
0.537 0.791 -7.051 0.0
0.437 0.472 -7.392 0.0
0.616 0.606 -5.636 0.0
0.84 0.504 -9.354 0.0
0.435 0.69 -6.635 0.0
0.913 0.465 -8.487 0.0
0.885 0.595 -5.487 0.0
0.332 0.179 -11.83 0.0
0.461 0.818 -8.482 0.0
0.63 0.292 -13.263 0.0
0.514 0.249 -10.461 0.0
0.383 0.531 -7.814 0.0
0.639 0.498 -8.684 0.0
0.505 0.0692 -24.601 0.0
0.551 0.362 -15.089 0.0
0.161 0.0231 -31.442 0.0
0.368 0.141 -21.585 0.0
0.638 0.115 -25.334 0.0
0.439 0.326 -14.278 0.0
0.647 0.64 -6.816 0.0
0.889 0.441 -9.506 0.0
0.479 0.461 -6.892 0.0
0.346 0.00398 -44.526 0.0
0.362 0.183 -16.0 0.0
0.649 0.825 -12.243 0.0
0.403 0.537 -6.628 0.0
0.751 0.51 -7.276 0.0
0.808 0.85 -8.772 0.0
0.63 0.509 -12.688 0.0
0.86 0.799 -2.446 0.0
0.674 0.262 -17.032 0.0
0.604 0.193 -14.009 0.0
0.54 0.465 -11.259 0.0
0.818 0.394 -12.239 0.0
0.835 0.692 -6.514 0.0
0.813 0.708 -6.703 0.0
0.378 0.226 -10.14 0.0
0.412 0.548 -6.981 0.0
0.54 0.306 -9.676 0.0
0.351 0.291 -12.528 0.0
0.621 0.648 -6.641 0.0
0.593 0.224 -16.541 0.0
0.629 0.0192 -19.952 0.0
0.554 0.678 -3.029 0.0
0.594 0.872 -7.505 0.0
0.52 0.329 -14.224 0.0
0.664 0.243 -12.334 0.0
0.462 0.182 -20.807 0.0
0.402 0.291 -14.761 0.0
0.612 0.62 -9.785 0.0
0.684 0.323 -17.135 0.0
0.405 0.778 -4.163 0.0
0.416 0.546 -7.728 0.0
0.382 0.368 -9.554 0.0
0.884 0.653 -7.653 0.0
0.266 0.0309 -25.11 0.0
0.409 0.182 -18.72 0.0
0.645 0.442 -12.997 0.0
0.429 0.476 -7.64 0.0
0.323 0.326 -10.647 0.0
0.618 0.588 -11.624 0.0
0.367 0.043 -23.35 0.0
0.592 0.605 -8.262 0.0
0.459 0.66 -5.974 0.0
0.657 0.54 -7.675 0.0
0.396 0.293 -14.062 0.0
0.583 0.625 -8.011 0.0
0.613 0.393 -13.305 0.0
0.736 0.618 -8.214 0.0
0.597 0.587 -7.026 0.0
0.723 0.49 -14.745 0.0
0.671 0.243 -14.14 0.0
0.665 0.498 -8.185 0.0
0.825 0.672 -7.108 0.0
0.693 0.298 -12.513 0.0
0.714 0.338 -10.994 0.0
0.689 0.777 -5.546 0.0
0.438 0.538 -6.737 0.0
0.676 0.609 -5.831 0.0
0.414 0.161 -22.32 0.0
0.835 0.626 -5.833 0.0
0.686 0.248 -9.026 0.0
0.711 0.483 -11.211 0.0
0.481 0.715 -5.626 0.0
0.31 0.202 -22.643 0.0
0.459 0.328 -10.638 0.0
0.543 0.227 -11.247 0.0
0.552 0.338 -12.716 0.0
0.551 0.402 -7.431 0.0
0.712 0.422 -11.143 0.0
0.293 0.0216 -30.124 0.0
0.69 0.586 -5.634 0.0
0.618 0.836 -2.334 0.0
0.353 0.921 -5.64 0.0
0.78 0.443 -15.497 0.0
0.594 0.252 -21.557 0.0
0.482 0.654 -5.268 0.0
0.368 0.433 -8.787 0.0
0.385 0.342 -7.749 0.0
0.531 0.746 -4.228 0.0
0.326 0.398 -13.425 0.0
0.377 0.018 -26.096 0.0
0.7 0.277 -12.432 0.0
0.358 0.953 -3.605 0.0
0.768 0.853 -5.915 0.0
0.123 0.0366 -28.488 0.0
0.626 0.496 -10.301 0.0
0.589 0.348 -11.032 0.0
0.779 0.155 -21.57 0.0
0.732 0.384 -12.861 0.0
0.634 0.603 -9.372 0.0
0.837 0.364 -11.713 0.0
0.413 0.683 -6.004 0.0
0.582 0.553 -7.764 0.0
0.892 0.633 -7.471 0.0
0.801 0.521 -9.871 0.0
0.412 0.457 -9.142 0.0
0.45 0.465 -16.233 0.0
0.452 0.384 -8.845 0.0
0.639 0.496 -6.844 0.0
0.707 0.514 -8.885 0.0
0.631 0.178 -18.033 0.0
0.688 0.375 -9.601 0.0
0.867 0.545 -5.185 0.0
0.691 0.64 -6.441 0.0
0.451 0.1 -16.736 0.0
0.593 0.4 -7.783 0.0
0.638 0.538 -8.445 0.0
0.554 0.498 -8.866 0.0
0.811 0.647 -10.989 0.0
0.809 0.638 -5.646 0.0
0.754 0.37 -9.854 0.0
0.497 0.349 -14.0 0.0
0.569 0.744 -5.757 0.0
0.816 0.514 -8.741 0.0
0.726 0.769 -5.043 0.0
0.472 0.366 -12.595 0.0
0.837 0.636 -7.643 0.0
0.815 0.359 -16.95 0.0
0.314 0.00545 -33.332 0.0
0.676 0.249 -13.598 0.0
0.747 0.817 -3.829 0.0
0.219 0.0615 -25.103 0.0
0.809 0.463 -11.377 0.0
0.479 0.295 -12.556 0.0
0.611 0.47 -9.135 0.0
0.434 0.66 -7.988 0.0
0.471 0.634 -6.724 0.0
0.539 0.524 -5.65 0.0
0.605 0.887 -3.108 0.0
0.453 0.349 -11.077 0.0
0.49 0.215 -14.336 0.0
0.691 0.75 -3.934 0.0
0.517 0.482 -8.843 0.0
0.696 0.621 -6.02 0.0
0.372 0.642 -11.955 0.0
0.631 0.127 -16.911 0.0
0.37 0.0338 -28.622 0.0
0.418 0.452 -13.099 0.0
0.592 0.355 -14.051 0.0
0.677 0.477 -6.352 0.0
0.574 0.168 -15.549 0.0
0.582 0.66 -6.422 0.0
0.654 0.349 -10.336 0.0
0.596 0.552 -10.278 0.0
0.591 0.272 -10.749 0.0
0.693 0.734 -6.37 0.0
0.503 0.595 -9.383 0.0
0.514 0.128 -16.883 0.0
0.5 0.638 -7.262 0.0
0.728 0.253 -8.427 0.0
0.785 0.659 -6.445 0.0
0.585 0.564 -7.063 0.0
0.744 0.363 -15.141 0.0
0.644 0.552 -6.684 0.0
0.457 0.423 -8.538 0.0
0.674 0.506 -10.532 0.0
0.589 0.235 -10.775 0.0
0.566 0.57 -9.875 0.0
0.645 0.546 -11.185 0.0
0.432 0.389 -6.517 0.0
0.82 0.452 -9.796 0.0
0.745 0.125 -15.786 0.0
0.408 0.386 -9.055 0.0
0.604 0.436 -8.32 0.0
0.297 0.328 -13.61 0.0
0.222 0.0456 -20.891 0.0
0.57 0.462 -10.483 0.0
0.533 0.637 -5.571 0.0
0.536 0.416 -11.008 0.0
0.553 0.879 -4.519 0.0
0.759 0.459 -9.045 0.0
0.545 0.399 -13.308 0.0
0.0789 0.111 -21.802 0.0
0.393 0.0071 -31.748 0.0
0.485 0.432 -7.353 0.0
0.593 0.425 -9.775 0.0
0.479 0.135 -20.726 0.0
0.461 0.593 -4.954 0.0
0.524 0.484 -8.151 0.0
0.338 0.0849 -22.673 0.0
0.296 0.767 -5.382 0.0
0.511 0.815 -3.14 0.0
0.542 0.72 -5.136 0.0
0.766 0.234 -7.544 0.0
0.434 0.315 -13.761 0.0
0.734 0.543 -7.979 0.0
0.592 0.42 -6.964 0.0
0.609 0.38 -8.011 0.0
0.592 0.583 -7.397 0.0
0.773 0.819 -5.946 0.0
0.7 0.514 -9.456 0.0
0.328 0.00814 -36.766 0.0
0.443 0.33 -12.964 0.0
0.0741 0.0129 -29.616 0.0
0.669 0.52 -10.136 0.0
0.182 0.0377 -33.748 0.0
0.428 0.461 -9.206 0.0
0.688 0.411 -9.343 0.0
0.513 0.155 -10.602 0.0
0.538 0.379 -14.122 0.0
0.875 0.599 -9.077 0.0
0.65 0.458 -8.551 0.0
0.358 0.358 -7.18 0.0
0.557 0.436 -8.733 0.0
0.719 0.615 -13.674 0.0
0.882 0.589 -7.604 0.0
0.788 0.411 -11.17 0.0
0.583 0.454 -11.091 0.0
0.727 0.387 -12.333 0.0
0.581 0.474 -10.554 0.0
0.593 0.541 -9.297 0.0
0.548 0.447 -6.351 0.0
0.571 0.438 -7.007 0.0
0.573 0.349 -15.494 0.0
0.464 0.0586 -24.762 0.0
0.228 0.121 -27.499 0.0
0.483 0.374 -8.437 0.0
0.302 0.00448 -31.704 0.0
0.353 0.0395 -16.769 0.0
0.616 0.548 -7.296 0.0
0.418 0.517 -8.97 0.0
0.253 0.00429 -36.172 0.0
0.587 0.38 -9.17 0.0
0.251 0.694 -4.193 0.0
0.425 0.804 -5.638 0.0
0.384 0.0517 -25.724 0.0
0.7 0.861 -5.821 0.0
0.504 0.189 -11.119 0.0
0.455 0.372 -12.632 0.0
0.224 0.0292 -24.463 0.0
0.541 0.568 -12.584 0.0
0.401 0.34 -9.011 0.0
0.733 0.467 -8.467 0.0
0.447 0.358 -10.818 0.0
0.34 0.263 -17.392 0.0
0.772 0.561 -6.43 0.0
0.718 0.767 -5.641 0.0
0.562 0.674 -6.049 0.0
0.737 0.597 -7.333 0.0
0.612 0.835 -10.329 0.0
0.55 0.524 -7.552 0.0
0.796 0.5 -7.21 0.0
0.13 0.086 -21.92 0.0
0.305 0.167 -19.799 0.0
0.417 0.58 -4.574 0.0
0.671 0.726 -8.689 0.0
0.694 0.126 -11.624 0.0
0.203 0.0425 -29.268 0.0
0.493 0.451 -10.375 0.0
0.783 0.418 -8.07 0.0
0.88 0.702 -6.657 0.0
0.392 0.37 -10.888 0.0
0.626 0.746 -8.832 0.0
0.678 0.654 -4.912 0.0
0.551 0.559 -8.238 0.0
0.637 0.652 -5.237 0.0
0.641 0.502 -7.334 0.0
0.861 0.647 -7.425 0.0
0.872 0.384 -16.204 0.0
0.621 0.519 -13.328 0.0
0.377 0.329 -9.67 0.0
0.772 0.405 -10.71 0.0
0.558 0.314 -10.623 0.0
0.618 0.366 -11.313 0.0
0.52 0.253 -10.733 0.0
0.372 0.478 -9.835 0.0
0.778 0.492 -9.887 0.0
0.376 0.874 -6.066 0.0
0.665 0.651 -5.515 0.0
0.462 0.45 -10.42 0.0
0.523 0.341 -14.034 0.0
0.831 0.782 -10.48 0.0
0.883 0.406 -10.357 0.0
0.462 0.395 -9.376 0.0
0.92 0.522 -7.564 0.0
0.562 0.683 -4.427 0.0
0.244 0.0198 -27.406 0.0
0.281 0.0649 -26.279 0.0
0.575 0.543 -8.355 0.0
0.799 0.323 -9.116 0.0
0.703 0.723 -5.45 0.0
0.539 0.599 -10.638 0.0
0.6 0.422 -11.244 0.0
0.244 0.0673 -24.005 0.0
0.35 0.408 -8.128 0.0
0.844 0.646 -5.746 0.0
0.683 0.34 -11.237 0.0
0.66 0.544 -9.44 0.0
0.582 0.75 -11.206 0.0
0.176 0.154 -19.921 0.0
0.84 0.412 -14.23 0.0
0.708 0.598 -8.365 0.0
0.566 0.424 -8.689 0.0
0.812 0.534 -6.6 0.0
0.328 0.0507 -27.026 0.0
0.434 0.153 -9.756 0.0
0.598 0.374 -14.085 0.0
0.608 0.576 -5.842 0.0
0.745 0.559 -8.589 0.0
0.642 0.741 -5.204 0.0
0.611 0.352 -8.828 0.0
0.265 0.824 -5.654 0.0
0.373 0.559 -4.592 0.0
0.588 0.812 -4.283 0.0
0.794 0.32 -12.92 0.0
0.441 0.644 -5.774 0.0
0.469 0.0246 -26.953 0.0
0.593 0.639 -5.826 0.0
0.441 0.547 -12.222 0.0
0.55 0.496 -10.12 0.0
0.672 0.841 -5.992 0.0
0.372 0.0542 -23.856 0.0
0.62 0.615 -12.902 0.0
0.43 0.00897 -30.466 0.0
0.503 0.525 -8.408 0.0
0.288 0.163 -20.425 0.0
0.631 0.791 -5.776 0.0
0.619 0.686 -9.014 0.0
0.391 0.307 -11.404 0.0
0.669 0.334 -16.205 0.0
0.582 0.689 -12.203 0.0
0.264 0.00393 -33.457 0.0
0.711 0.739 -3.804 0.0
0.16 0.0261 -33.263 0.0
0.613 0.289 -16.529 0.0
0.575 0.681 -8.15 0.0
0.173 0.129 -23.851 0.0
0.368 0.0477 -24.182 0.0
0.49 0.261 -11.495 0.0
0.395 0.815 -4.047 0.0
0.748 0.638 -12.028 0.0
0.74 0.605 -10.924 0.0
0.666 0.322 -10.773 0.0
0.675 0.466 -5.672 0.0
0.421 0.476 -7.692 0.0
0.626 0.565 -10.027 0.0
0.643 0.631 -6.911 0.0
0.194 0.0324 -28.215 0.0
0.456 0.0416 -26.251 0.0
0.537 0.674 -5.134 0.0
0.527 0.344 -14.171 0.0
0.715 0.617 -5.558 0.0
0.377 0.0555 -24.785 0.0
0.446 0.273 -11.12 0.0
0.952 0.301 -13.936 0.0
0.78 0.492 -3.4 0.0
0.584 0.278 -18.566 0.0
0.828 0.656 -6.571 0.0
0.572 0.484 -10.914 0.0
0.829 0.527 -6.644 0.0
0.476 0.337 -14.862 0.0
0.653 0.175 -13.559 0.0
0.378 0.0277 -25.324 0.0
0.661 0.44 -9.104 0.0
0.213 0.0377 -33.06 0.0
0.62 0.556 -12.044 0.0
0.919 0.731 -7.478 0.0
0.0919 0.0279 -31.994 0.0
0.645 0.734 -5.892 0.0
0.602 0.562 -5.847 0.0
0.466 0.212 -16.063 0.0
0.545 0.447 -8.034 0.0
0.672 0.654 -4.528 0.0
0.198 0.0899 -25.087 0.0
0.537 0.587 -7.486 0.0
0.628 0.496 -7.103 0.0
0.593 0.504 -6.455 0.0
0.18 0.0999 -24.607 0.0
0.548 0.376 -16.703 0.0
0.412 0.227 -12.696 0.0
0.433 0.7 -8.197 0.0
0.471 0.536 -9.678 0.0
0.427 0.279 -10.91 0.0
0.619 0.703 -9.414 0.0
0.43 0.173 -18.597 0.0
0.542 0.502 -10.607 0.0
0.313 0.846 -7.109 0.0
0.659 0.574 -12.416 0.0
0.625 0.536 -8.962 0.0
0.625 0.763 -4.997 0.0
0.689 0.83 -8.774 0.0
0.376 0.185 -13.929 0.0
0.686 0.541 -9.661 0.0
0.629 0.581 -11.856 0.0
0.305 0.304 -8.383 0.0
0.63 0.208 -11.36 0.0
0.549 0.284 -8.383 0.0
0.261 0.143 -22.993 0.0
0.494 0.268 -10.605 0.0
0.381 0.464 -7.671 0.0
0.148 0.0534 -31.555 0.0
0.678 0.474 -10.059 0.0
0.472 0.566 -6.399 0.0
0.61 0.273 -13.921 0.0
0.585 0.494 -8.751 0.0
0.767 0.854 -4.57 0.0
0.816 0.383 -12.398 0.0
0.201 0.0639 -22.921 0.0
0.655 0.134 -15.836 0.0
0.793 0.344 -9.757 0.0
0.673 0.727 -5.735 0.0
0.792 0.495 -11.603 0.0
0.382 0.0055 -25.779 0.0
0.737 0.548 -7.003 0.0
0.628 0.732 -8.175 0.0
0.68 0.849 -6.475 0.0
0.682 0.537 -10.254 0.0
0.716 0.753 -12.407 0.0
0.7 0.435 -12.597 0.0
0.661 0.3 -18.055 0.0
0.71 0.387 -12.82 0.0
0.334 0.0512 -19.13 0.0
0.599 0.467 -7.369 0.0
0.648 0.751 -8.582 0.0
0.277 0.0441 -27.235 0.0
0.238 0.00484 -31.76 0.0
0.544 0.64 -7.149 0.0
0.478 0.625 -5.975 0.0
0.572 0.739 -3.315 0.0
0.524 0.387 -14.422 0.0
0.431 0.595 -5.492 0.0
0.868 0.563 -7.448 0.0
0.719 0.496 -11.341 0.0
0.799 0.516 -7.583 0.0
0.725 0.341 -13.093 0.0
0.7 0.363 -10.324 0.0
0.624 0.388 -8.465 0.0
0.169 0.0161 -31.034 0.0
0.714 0.563 -7.574 0.0
0.265 0.0475 -28.553 0.0
0.358 0.0324 -22.627 0.0
0.328 0.417 -10.679 0.0
0.559 0.868 -5.276 0.0
0.458 0.571 -6.739 0.0
0.499 0.705 -5.596 0.0
0.43 0.747 -5.38 0.0
0.728 0.665 -7.251 0.0
0.666 0.465 -8.545 0.0
0.696 0.583 -9.351 0.0
0.364 0.0789 -28.309 0.0
0.709 0.43 -8.256 0.0
0.577 0.78 -7.475 0.0
0.429 0.641 -7.909 0.0
0.447 0.557 -9.92 0.0
0.527 0.415 -11.451 0.0
0.807 0.419 -9.043 0.0
0.705 0.499 -7.969 0.0
0.767 0.538 -6.044 0.0
0.793 0.303 -16.311 0.0
0.51 0.522 -11.946 0.0
0.354 0.116 -28.692 0.0
0.569 0.365 -7.047 0.0
0.515 0.11 -18.783 0.0
0.713 0.456 -6.003 0.0
0.686 0.593 -10.078 0.0
0.659 0.0997 -18.01 0.0
0.719 0.45 -12.283 0.0
0.565 0.5 -8.822 0.0
0.602 0.179 -10.306 0.0
0.785 0.805 -6.097 0.0
0.681 0.458 -10.281 0.0
0.826 0.8 -5.386 0.0
0.418 0.628 -8.493 0.0
0.564 0.546 -7.593 0.0
0.781 0.467 -5.983 0.0
0.648 0.527 -8.862 0.0
0.82 0.623 -7.43 0.0
0.597 0.733 -6.017 0.0
0.593 0.205 -14.601 0.0
0.689 0.582 -6.778 0.0
0.849 0.616 -7.549 0.0
0.716 0.485 -7.745 0.0
0.305 0.502 -7.424 0.0
0.69 0.52 -8.225 0.0
0.313 0.34 -15.315 0.0
0.654 0.95 -3.163 0.0
0.764 0.695 -9.091 0.0
0.405 0.502 -6.411 0.0
0.649 0.618 -5.694 0.0
0.716 0.771 -8.994 0.0
0.465 0.859 -2.893 0.0
0.685 0.665 -12.586 0.0
0.387 0.422 -9.896 0.0
0.817 0.668 -5.924 0.0
0.883 0.664 -10.395 0.0
0.663 0.862 -5.298 0.0
0.324 0.0357 -27.164 0.0
0.583 0.149 -16.187 0.0
0.114 0.0239 -26.639 0.0
0.536 0.482 -9.777 0.0
0.408 0.48 -11.017 0.0
0.754 0.631 -4.751 0.0
0.338 0.369 -7.082 0.0
0.71 0.799 -4.897 0.0
0.776 0.635 -6.321 0.0
0.856 0.841 -7.737 0.0
0.815 0.388 -12.238 0.0
0.408 0.0174 -26.97 0.0
0.462 0.714 -6.911 0.0
0.539 0.64 -11.376 0.0
0.623 0.836 -10.373 0.0
0.764 0.57 -11.361 0.0
0.768 0.435 -12.37 0.0
0.702 0.711 -6.697 0.0
0.381 0.0218 -27.422 0.0
0.657 0.405 -8.637 0.0
0.465 0.242 -13.328 0.0
0.665 0.535 -7.056 0.0
0.587 0.321 -19.623 0.0
0.622 0.54 -13.99 0.0
0.603 0.34 -7.742 0.0
0.513 0.262 -16.875 0.0
0.643 0.541 -5.801 0.0
0.624 0.729 -4.747 0.0
0.51 0.649 -6.215 0.0
0.476 0.604 -10.85 0.0
0.603 0.886 -7.301 0.0
0.68 0.877 -10.241 0.0
0.618 0.693 -5.943 0.0
0.516 0.0735 -23.898 0.0
0.741 0.408 -17.326 0.0
0.452 0.496 -8.623 0.0
0.725 0.315 -8.48 0.0
0.458 0.497 -9.66 0.0
0.137 0.0663 -25.483 0.0
0.64 0.609 -7.299 0.0
0.626 0.475 -7.534 0.0
0.383 0.662 -5.162 0.0
0.891 0.579 -9.85 0.0
0.691 0.548 -9.596 0.0
0.488 0.0112 -27.847 0.0
0.589 0.392 -8.66 0.0
0.925 0.388 -10.508 0.0
0.218 0.00352 -39.627 0.0
0.712 0.671 -6.861 0.0
0.374 0.0368 -28.556 0.0
0.498 0.63 -5.808 0.0
0.476 0.381 -10.238 0.0
0.237 0.01 -28.81 0.0
0.822 0.457 -10.937 0.0
0.382 0.727 -6.677 0.0
0.707 0.238 -8.818 0.0
0.799 0.569 -7.821 0.0
0.585 0.55 -7.342 0.0
0.456 0.609 -11.767 0.0
0.716 0.625 -11.369 0.0
0.421 0.514 -9.52 0.0
0.805 0.393 -8.164 0.0
0.505 0.0913 -28.622 0.0
0.583 0.798 -9.716 0.0
0.701 0.944 -2.986 0.0
0.444 0.426 -8.75 0.0
0.775 0.499 -7.181 0.0
0.715 0.924 -11.09 0.0
0.737 0.409 -10.917 0.0
0.571 0.212 -13.299 0.0
0.361 0.171 -13.096 0.0
0.529 0.591 -5.61 0.0
0.519 0.464 -10.497 0.0
0.506 0.459 -9.24 0.0
0.404 0.584 -6.861 0.0
0.503 0.265 -15.913 0.0
0.768 0.574 -6.104 0.0
0.648 0.544 -8.963 0.0
0.0616 0.0336 -23.35 0.0
0.699 0.446 -12.722 0.0
0.629 0.673 -4.379 0.0
0.523 0.0308 -25.223 0.0
0.569 0.527 -7.585 0.0
0.236 0.0376 -29.998 0.0
0.599 0.616 -9.264 0.0
0.387 0.499 -10.207 0.0
0.805 0.542 -9.92 0.0
0.64 0.509 -10.099 0.0
0.555 0.381 -8.448 0.0
0.845 0.801 -5.619 0.0
0.456 0.59 -8.638 0.0
0.219 0.00913 -42.727 0.0
0.519 0.779 -9.159 0.0
0.561 0.636 -6.943 0.0
0.509 0.547 -6.132 0.0
0.165 0.00834 -31.842 0.0
0.484 0.508 -9.308 0.0
0.139 0.0289 -27.784 0.0
0.598 0.735 -10.882 0.0
0.411 0.466 -11.537 0.0
0.335 0.197 -26.478 0.0
0.67 0.763 -6.864 0.0
0.825 0.644 -6.001 0.0
0.206 0.19 -15.396 0.0
0.603 0.563 -8.313 0.0
0.429 0.0234 -29.753 0.0
0.256 0.63 -5.233 0.0
0.324 0.641 -11.12 0.0
0.517 0.705 -8.205 0.0
0.662 0.374 -13.382 0.0
0.448 0.257 -12.916 0.0
0.712 0.373 -7.878 0.0
0.382 0.0143 -29.357 0.0
0.716 0.537 -7.648 0.0
0.272 0.108 -17.859 0.0
0.185 0.109 -24.023 0.0
0.697 0.618 -8.468 0.0
0.339 0.0386 -29.519 0.0
0.523 0.666 -4.081 0.0
0.595 0.667 -6.442 0.0
0.429 0.554 -6.128 0.0
0.551 0.289 -12.214 0.0
0.705 0.769 -5.526 0.0
0.478 0.366 -12.045 0.0
0.529 0.291 -11.506 0.0
0.669 0.395 -13.521 0.0
0.514 0.723 -8.748 0.0
0.291 0.0793 -25.04 0.0
0.0 0.0 0.0 0.0
0.329 0.854 -7.366 0.0
0.667 0.556 -5.948 0.0
0.3 0.0405 -31.023 0.0
0.797 0.631 -3.818 0.0
0.59 0.438 -12.594 0.0
0.103 0.136 -21.98 0.0
0.776 0.593 -10.535 0.0
0.478 0.449 -9.696 0.0
0.595 0.281 -9.4 0.0
0.91 0.456 -7.421 0.0
0.565 0.615 -10.793 0.0
0.626 0.816 -10.593 0.0
0.097 0.0176 -29.407 0.0
0.611 0.259 -12.517 0.0
0.525 0.481 -6.715 0.0
0.388 0.238 -17.414 0.0
0.0749 0.0369 -28.256 0.0
0.62 0.68 -10.702 0.0
0.56 0.241 -15.385 0.0
0.552 0.225 -11.501 0.0
0.773 0.33 -12.925 0.0
0.855 0.847 -9.019 0.0
0.405 0.189 -14.426 0.0
0.603 0.429 -11.304 0.0
0.583 0.833 -8.29 0.0
0.0979 0.0801 -19.643 0.0
0.3 0.0268 -26.397 0.0
0.586 0.477 -8.136 0.0
0.797 0.566 -11.132 0.0
0.186 0.0639 -23.374 0.0
0.78 0.749 -7.61 0.0
0.588 0.656 -6.373 0.0
0.725 0.0747 -23.729 0.0
0.583 0.316 -13.204 0.0
0.528 0.438 -13.585 0.0
0.742 0.495 -7.035 0.0
0.431 0.651 -10.161 0.0
0.347 0.428 -7.692 0.0
0.68 0.393 -9.983 0.0
0.735 0.482 -9.445 0.0
0.507 0.243 -13.192 0.0
0.641 0.224 -13.081 0.0
0.559 0.367 -8.262 0.0
0.286 0.204 -13.714 0.0
0.224 0.543 -9.126 0.0
0.506 0.554 -6.743 0.0
0.738 0.549 -5.647 0.0
0.303 0.0687 -26.355 0.0
0.68 0.427 -8.467 0.0
0.387 0.404 -6.381 0.0
0.603 0.493 -5.593 0.0
0.595 0.743 -7.864 0.0
0.498 0.185 -16.312 0.0
0.239 0.0248 -32.194 0.0
0.579 0.628 -6.381 0.0
0.757 0.718 -6.009 0.0
0.706 0.516 -8.378 0.0
0.452 0.325 -8.709 0.0
0.269 0.572 -7.361 0.0
0.448 0.351 -8.896 0.0
0.162 0.00544 -33.081 0.0
0.63 0.519 -10.997 0.0
0.699 0.467 -8.578 0.0
0.515 0.447 -10.533 0.0
0.487 0.332 -15.458 0.0
0.405 0.118 -21.161 0.0
0.485 0.53 -9.611 0.0
0.623 0.546 -6.436 0.0
0.61 0.429 -11.375 0.0
0.677 0.724 -8.992 0.0
0.5 0.185 -20.242 0.0
0.522 0.733 -6.286 0.0
0.586 0.531 -6.738 0.0
0.56 0.309 -11.104 0.0
0.599 0.575 -6.877 0.0
0.816 0.631 -10.746 0.0
0.248 0.118 -18.366 0.0
0.522 0.883 -4.667 0.0
0.668 0.418 -14.233 0.0
0.588 0.568 -9.766 0.0
0.503 0.659 -6.829 0.0
0.587 0.559 -7.742 0.0
0.847 0.517 -7.786 0.0
0.441 0.299 -11.041 0.0
0.667 0.381 -7.494 0.0
0.576 0.0968 -19.439 0.0
0.61 0.0316 -15.186 0.0
0.799 0.554 -9.575 0.0
0.72 0.836 -10.195 0.0
0.365 0.513 -13.034 0.0
0.575 0.432 -8.935 0.0
0.717 0.361 -12.619 0.0
0.203 0.0309 -31.547 0.0
0.483 0.844 -5.043 0.0
0.36 0.333 -8.491 0.0
0.798 0.744 -5.328 0.0
0.595 0.37 -11.062 0.0
0.598 0.244 -8.003 0.0
0.735 0.355 -19.032 0.0
0.604 0.297 -15.064 0.0
0.0 0.0 0.0 0.0
0.75 0.578 -7.966 0.0
0.634 0.612 -11.991 0.0
0.544 0.58 -5.754 0.0
0.755 0.594 -5.906 0.0
0.13 0.0412 -33.758 0.0
0.578 0.247 -9.515 0.0
0.659 0.49 -5.093 0.0
0.294 0.611 -6.268 0.0
0.391 0.474 -13.89 0.0
0.549 0.981 -3.558 0.0
0.664 0.771 -5.779 0.0
0.62 0.529 -7.976 0.0
0.452 0.566 -5.964 0.0
0.373 0.117 -25.222 0.0
0.415 0.026 -36.7 0.0
0.396 0.473 -7.67 0.0
0.866 0.53 -6.347 0.0
0.368 0.058 -29.018 0.0
0.441 0.503 -5.706 0.0
0.482 0.707 -3.127 0.0
0.676 0.334 -10.572 0.0
0.558 0.559 -9.222 0.0
0.72 0.569 -11.466 0.0
0.529 0.307 -10.608 0.0
0.694 0.796 -3.696 0.0
0.439 0.0359 -27.508 0.0
0.666 0.421 -8.553 0.0
0.391 0.0126 -31.978 0.0
0.474 0.594 -5.756 0.0
0.103 0.114 -20.098 0.0
0.373 0.414 -12.275 0.0
0.492 0.103 -23.656 0.0
0.496 0.632 -4.933 0.0
0.643 0.423 -9.158 0.0
0.587 0.35 -10.954 0.0
0.342 0.598 -10.206 0.0
0.629 0.356 -11.135 0.0
0.691 0.604 -9.634 0.0
0.67 0.416 -8.129 0.0
0.592 0.39 -10.642 0.0
0.427 0.566 -7.695 0.0
0.522 0.428 -11.332 0.0
0.537 0.66 -7.174 0.0
0.743 0.572 -9.627 0.0
0.246 0.0569 -33.048 0.0
0.32 0.204 -10.41 0.0
0.596 0.678 -5.18 0.0
0.736 0.354 -14.709 0.0
0.724 0.249 -15.488 0.0
0.467 0.783 -5.207 0.0
0.484 0.508 -9.308 0.0
0.56 0.541 -7.97 0.0
0.807 0.571 -6.177 0.0
0.521 0.0536 -23.146 0.0
0.552 0.48 -7.891 0.0
0.663 0.6 -10.87 0.0
0.573 0.495 -6.672 0.0
0.588 0.598 -13.288 0.0
0.406 0.55 -4.837 0.0
0.656 0.469 -8.74 0.0
0.828 0.689 -7.963 0.0
0.826 0.433 -9.766 0.0
0.286 0.048 -25.948 0.0
0.734 0.649 -6.235 0.0
0.485 0.428 -8.089 0.0
0.23 0.146 -13.647 0.0
0.549 0.427 -6.658 0.0
0.793 0.489 -10.984 0.0
0.461 0.653 -8.617 0.0
0.432 0.485 -8.157 0.0
0.266 0.0285 -30.017 0.0
0.206 0.0243 -25.403 0.0
0.676 0.624 -9.213 0.0
0.87 0.559 -6.719 0.0
0.495 0.775 -8.241 0.0
0.638 0.431 -10.82 0.0
0.551 0.723 -6.003 0.0
0.662 0.84 -3.112 0.0
0.491 0.326 -10.271 0.0
0.629 0.356 -11.135 0.0
0.625 0.667 -5.875 0.0
0.779 0.655 -7.147 0.0
0.622 0.837 -5.698 0.0
0.675 0.638 -4.083 0.0
0.732 0.492 -7.672 0.0
0.407 0.034 -25.566 0.0
0.801 0.757 -8.01 0.0
0.699 0.83 -5.364 0.0
0.671 0.529 -7.226 0.0
0.299 0.0264 -26.535 0.0
0.46 0.932 -6.264 0.0
0.523 0.467 -8.628 0.0
0.468 0.529 -6.564 0.0
0.926 0.888 -5.337 0.0
0.59 0.0424 -24.222 0.0
0.303 0.648 -6.795 0.0
0.397 0.684 -5.843 0.0
0.8 0.541 -5.05 0.0
0.436 0.545 -7.506 0.0
0.617 0.704 -6.321 0.0
0.466 0.125 -18.286 0.0
0.695 0.181 -19.446 0.0
0.438 0.247 -12.865 0.0
0.594 0.541 -7.446 0.0
0.795 0.64 -13.478 0.0
0.675 0.909 -3.402 0.0
0.505 0.508 -8.925 0.0
0.847 0.363 -7.535 0.0
0.801 0.74 -7.162 0.0
0.869 0.736 -8.173 0.0
0.493 0.299 -16.286 0.0
0.544 0.309 -14.101 0.0
0.656 0.864 -3.14 0.0
0.612 0.324 -10.312 0.0
0.651 0.359 -13.542 0.0
0.434 0.407 -9.645 0.0
0.675 0.503 -11.047 0.0
0.576 0.53 -6.888 0.0
0.552 0.544 -6.418 0.0
0.68 0.462 -9.289 0.0
0.595 0.393 -9.909 0.0
0.706 0.31 -10.203 0.0
0.227 0.0272 -26.545 0.0
0.823 0.576 -10.81 0.0
0.562 0.671 -7.21 0.0
0.417 0.00515 -25.053 0.0
0.597 0.342 -8.167 0.0
0.836 0.509 -13.668 0.0
0.784 0.474 -6.139 0.0
0.244 0.333 -16.255 0.0
0.679 0.648 -5.892 0.0
0.815 0.504 -17.628 0.0
0.737 0.0635 -26.976 0.0
0.769 0.569 -5.591 0.0
0.477 0.267 -8.625 0.0
0.534 0.582 -15.997 0.0
0.644 0.633 -8.006 0.0
0.367 0.00853 -31.373 0.0
0.5 0.681 -9.556 0.0
0.434 0.0434 -28.448 0.0
0.542 0.272 -12.909 0.0
0.654 0.506 -17.18 0.0
0.22 0.0142 -32.146 0.0
0.59 0.463 -7.263 0.0
0.583 0.276 -12.912 0.0
0.6 0.0877 -15.714 0.0
0.206 0.0104 -32.569 0.0
0.11 0.0596 -24.422 0.0
0.428 0.347 -10.023 0.0
0.468 0.307 -10.69 0.0
0.415 0.107 -20.343 0.0
0.484 0.59 -6.663 0.0
0.658 0.591 -5.197 0.0
0.237 0.462 -7.79 0.0
0.309 0.422 -12.22 0.0
0.528 0.182 -19.518 0.0
0.148 0.0542 -28.136 0.0
0.679 0.601 -11.758 0.0
0.379 0.878 -4.338 0.0
0.569 0.557 -10.208 0.0
0.618 0.408 -9.84 0.0
0.449 0.424 -14.06 0.0
0.506 0.181 -22.992 0.0
0.42 0.481 -8.91 0.0
0.427 0.626 -11.821 0.0
0.406 0.00921 -31.822 0.0
0.493 0.804 -6.529 0.0
0.423 0.587 -6.635 0.0
0.318 0.307 -8.11 0.0
0.608 0.524 -10.266 0.0
0.569 0.208 -16.167 0.0
0.445 0.626 -7.719 0.0
0.562 0.445 -10.242 0.0
0.565 0.319 -14.215 0.0
0.604 0.269 -10.328 0.0
0.403 0.691 -5.463 0.0
0.738 0.885 -5.547 0.0
0.449 0.369 -10.74 0.0
0.592 0.708 -5.197 0.0
0.459 0.248 -16.475 0.0
0.607 0.425 -7.974 0.0
0.293 0.475 -8.651 0.0
0.552 0.542 -10.862 0.0
0.555 0.722 -6.005 0.0
0.705 0.483 -12.209 0.0
0.293 0.161 -13.563 0.0
0.714 0.498 -8.154 0.0
0.141 0.00268 -37.571 0.0
0.534 0.174 -19.058 0.0
0.337 0.253 -14.77 0.0
0.589 0.314 -10.792 0.0
0.547 0.526 -5.985 0.0
0.55 0.0339 -27.483 0.0
0.36 0.138 -21.828 0.0
0.9 0.709 -12.683 0.0
0.292 0.324 -11.996 0.0
0.666 0.733 -5.884 0.0
0.678 0.612 -9.764 0.0
0.556 0.567 -11.426 0.0
0.723 0.357 -12.587 0.0
0.505 0.476 -9.767 0.0
0.575 0.788 -3.66 0.0
0.578 0.15 -17.335 0.0
0.324 0.0186 -28.248 0.0
0.823 0.438 -8.728 0.0
0.483 0.084 -16.192 0.0
0.836 0.614 -4.543 0.0
0.381 0.0387 -30.347 0.0
0.521 0.762 -6.746 0.0
0.41 0.11 -20.475 0.0
0.367 0.452 -10.422 0.0
0.551 0.27 -12.808 0.0
0.767 0.791 -5.138 0.0
0.505 0.814 -4.905 0.0
0.927 0.517 -6.489 0.0
0.475 0.14 -19.551 0.0
0.418 0.352 -14.614 0.0
0.657 0.678 -7.854 0.0
0.416 0.688 -5.47 0.0
0.548 0.874 -10.147 0.0
0.62 0.416 -13.048 0.0
0.707 0.562 -7.621 0.0
0.719 0.377 -12.585 0.0
0.65 0.711 -5.417 0.0
0.471 0.594 -6.109 0.0
0.526 0.545 -11.673 0.0
0.461 0.262 -10.255 0.0
0.783 0.322 -15.091 0.0
0.547 0.0189 -26.716 0.0
0.846 0.595 -8.372 0.0
0.202 0.0294 -29.69 0.0
0.102 0.023 -33.178 0.0
0.715 0.529 -9.019 0.0
0.373 0.678 -5.528 0.0
0.435 0.76 -4.935 0.0
0.486 0.443 -6.791 0.0
0.442 0.434 -8.239 0.0
0.521 0.799 -11.993 0.0
0.691 0.683 -7.335 0.0
0.52 0.552 -7.178 0.0
0.571 0.556 -5.857 0.0
0.546 0.647 -6.546 0.0
0.616 0.714 -7.02 0.0
0.173 0.0684 -24.573 0.0
0.584 0.474 -7.981 0.0
0.648 0.301 -14.621 0.0
0.0 0.0 0.0 0.0
0.609 0.538 -15.646 0.0
0.441 0.502 -9.821 0.0
0.484 0.475 -9.647 0.0
0.548 0.402 -8.727 0.0
0.698 0.676 -11.717 0.0
0.318 0.334 -9.267 0.0
0.355 0.87 -3.82 0.0
0.549 0.44 -8.192 0.0
0.524 0.519 -11.903 0.0
0.754 0.449 -9.211 0.0
0.788 0.705 -7.162 0.0
0.729 0.794 -7.208 0.0
0.568 0.116 -16.216 0.0
0.572 0.552 -9.134 0.0
0.527 0.279 -12.679 0.0
0.371 0.336 -11.622 0.0
0.472 0.373 -12.98 0.0
0.467 0.488 -10.181 0.0
0.621 0.821 -7.617 0.0
0.769 0.21 -10.199 0.0
0.203 0.01 -37.26 0.0
0.764 0.48 -9.23 0.0
0.549 0.78 -5.08 0.0
0.743 0.171 -14.0 0.0
0.495 0.774 -6.543 0.0
0.398 0.311 -10.194 0.0
0.381 0.0466 -27.303 0.0
0.292 0.211 -18.296 0.0
0.473 0.802 -4.497 0.0
0.204 0.08 -20.767 0.0
0.308 0.747 -5.434 0.0
0.623 0.323 -13.746 0.0
0.678 0.272 -10.415 0.0
0.341 0.0823 -23.922 0.0
0.74 0.558 -8.115 0.0
0.616 0.756 -9.24 0.0
0.738 0.43 -9.749 0.0
0.418 0.546 -9.057 0.0
0.578 0.117 -15.139 0.0
0.503 0.484 -12.833 0.0
0.606 0.455 -7.317 0.0
0.429 0.831 -5.108 0.0
0.0921 0.0183 -31.858 0.0
0.541 0.704 -6.167 0.0
0.726 0.228 -14.754 0.0
0.552 0.549 -7.744 0.0
0.695 0.489 -8.084 0.0
0.412 0.844 -5.613 0.0
0.515 0.793 -9.557 0.0
0.584 0.272 -10.629 0.0
0.818 0.486 -6.151 0.0
0.68 0.246 -14.112 0.0
0.724 0.404 -9.186 0.0
0.513 0.458 -7.397 0.0
0.286 0.048 -25.948 0.0
0.594 0.827 -4.691 0.0
0.592 0.468 -8.231 0.0
0.442 0.202 -14.643 0.0
0.425 0.662 -5.456 0.0
0.622 0.325 -8.816 0.0
0.467 0.421 -12.622 0.0
0.654 0.378 -8.108 0.0
0.497 0.528 -8.142 0.0
0.63 0.757 -6.731 0.0
0.644 0.626 -7.243 0.0
0.595 0.44 -7.795 0.0
0.581 0.452 -9.558 0.0
0.489 0.589 -13.904 0.0
0.722 0.412 -14.3 0.0
0.373 0.32 -13.426 0.0
0.754 0.778 -2.745 0.0
0.0753 0.0232 -36.639 0.0
0.467 0.277 -12.101 0.0
0.438 0.00705 -35.059 0.0
0.552 0.636 -6.215 0.0
0.467 0.41 -12.028 0.0
0.711 0.335 -11.138 0.0
0.37 0.0828 -21.871 0.0
0.716 0.531 -7.355 0.0
0.4 0.499 -7.849 0.0
0.418 0.535 -6.622 0.0
0.146 0.019 -31.365 0.0
0.582 0.973 -6.571 0.0
0.53 0.565 -11.812 0.0
0.72 0.59 -5.868 0.0
0.674 0.726 -3.813 0.0
0.557 0.0443 -26.022 0.0
0.814 0.672 -12.068 0.0
0.523 0.758 -9.81 0.0
0.0 0.0 0.0 0.0
0.32 0.647 -10.29 0.0
0.631 0.59 -12.138 0.0
0.741 0.267 -17.204 0.0
0.865 0.472 -7.359 0.0
0.189 0.39 -14.497 0.0
0.568 0.384 -8.076 0.0
0.557 0.54 -10.484 0.0
0.677 0.592 -7.092 0.0
0.541 0.407 -7.533 0.0
0.636 0.207 -16.489 0.0
0.469 0.236 -16.981 0.0
0.666 0.569 -6.785 0.0
0.734 0.543 -7.066 0.0
0.443 0.403 -8.339 0.0
0.57 0.208 -15.661 0.0
0.351 0.0241 -33.197 0.0
0.232 0.615 -8.636 0.0
0.728 0.607 -8.417 0.0
0.491 0.0176 -26.911 0.0
0.465 0.466 -9.958 0.0
0.41 0.289 -11.822 0.0
0.508 0.407 -6.353 0.0
0.756 0.397 -10.701 0.0
0.476 0.12 -17.772 0.0
0.459 0.628 -8.272 0.0
0.609 0.799 -6.883 0.0
0.621 0.374 -11.06 0.0
0.406 0.0244 -32.101 0.0
0.643 0.201 -13.287 0.0
0.752 0.36 -14.317 0.0
0.163 0.0796 -23.617 0.0
0.366 0.566 -11.527 0.0
0.599 0.49 -8.39 0.0
0.346 0.623 -9.216 0.0
0.874 0.406 -10.053 0.0
0.582 0.502 -11.053 0.0
0.677 0.556 -6.544 0.0
0.168 0.00571 -36.245 0.0
0.742 0.567 -6.867 0.0
0.823 0.372 -9.817 0.0
0.87 0.657 -7.32 0.0
0.699 0.276 -13.469 0.0
0.301 0.0168 -26.85 0.0
0.466 0.672 -5.777 0.0
0.742 0.553 -8.98 0.0
0.73 0.235 -15.276 0.0
0.556 0.463 -9.269 0.0
0.559 0.301 -9.066 0.0
0.696 0.486 -8.668 0.0
0.713 0.281 -11.057 0.0
0.407 0.705 -5.06 0.0
0.843 0.48 -11.574 0.0
0.559 0.463 -5.693 0.0
0.742 0.663 -5.06 0.0
0.752 0.489 -5.233 0.0
0.344 0.798 -5.053 0.0
0.682 0.792 -7.754 0.0
0.694 0.565 -12.583 0.0
0.268 0.00613 -32.709 0.0
0.677 0.0841 -20.242 0.0
0.351 0.441 -8.708 0.0
0.604 0.652 -5.665 0.0
0.408 0.0877 -19.623 0.0
0.525 0.437 -8.285 0.0
0.374 0.657 -6.086 0.0
0.778 0.333 -8.972 0.0
0.318 0.301 -12.686 0.0
0.874 0.352 -11.481 0.0
0.764 0.567 -13.361 0.0
0.597 0.289 -11.987 0.0
0.504 0.0206 -29.397 0.0
0.219 0.13 -21.945 0.0
0.734 0.485 -13.865 0.0
0.392 0.233 -11.012 0.0
0.652 0.881 -9.182 0.0
0.588 0.587 -6.89 0.0
0.834 0.39 -11.873 0.0
0.396 0.423 -7.787 0.0
0.668 0.856 -6.386 0.0
0.538 0.67 -4.676 0.0
0.627 0.589 -9.056 0.0
0.638 0.441 -9.064 0.0
0.373 0.271 -10.787 0.0
0.577 0.679 -9.981 0.0
0.812 0.628 -6.164 0.0
0.892 0.191 -14.977 0.0
0.698 0.586 -5.066 0.0
0.526 0.793 -5.153 0.0
0.492 0.69 -5.878 0.0
0.533 0.00305 -31.096 0.0
0.805 0.415 -10.639 0.0
0.656 0.33 -8.771 0.0
0.477 0.569 -6.56 0.0
0.733 0.678 -7.771 0.0
0.679 0.417 -4.135 0.0
0.317 0.554 -7.624 0.0
0.497 0.434 -5.73 0.0
0.668 0.361 -8.401 0.0
0.335 0.0287 -27.4 0.0
0.735 0.449 -7.507 0.0
0.633 0.586 -11.865 0.0
0.474 0.805 -4.063 0.0
0.663 0.618 -4.995 0.0
0.0642 0.0871 -24.495 0.0
0.583 0.316 -19.292 0.0
0.555 0.644 -7.226 0.0
0.659 0.526 -7.318 0.0
0.306 0.0226 -33.903 0.0
0.505 0.131 -16.833 0.0
0.655 0.606 -10.385 0.0
0.286 0.0268 -26.222 0.0
0.55 0.666 -4.691 0.0
0.664 0.634 -6.348 0.0
0.706 0.274 -15.315 0.0
0.296 0.00896 -31.948 0.0
0.376 0.501 -7.431 0.0
0.533 0.496 -9.363 0.0
0.214 0.0275 -27.434 0.0
0.613 0.618 -11.831 0.0
0.797 0.533 -9.74 0.0
0.599 0.304 -12.947 0.0
0.202 0.644 -5.212 0.0
0.137 0.0181 -31.257 0.0
0.862 0.499 -10.285 0.0
0.399 0.593 -8.0 0.0
0.668 0.463 -6.723 0.0
0.334 0.193 -20.798 0.0
0.51 0.683 -4.338 0.0
0.805 0.285 -9.782 0.0
0.711 0.659 -6.872 0.0
0.667 0.511 -11.016 0.0
0.53 0.743 -6.747 0.0
0.581 0.624 -8.346 0.0
0.654 0.753 -7.556 0.0
0.243 0.0331 -29.739 0.0
0.659 0.108 -14.69 0.0
0.237 0.16 -15.973 0.0
0.57 0.798 -4.92 0.0
0.795 0.564 -10.482 0.0
0.716 0.306 -5.454 0.0
0.424 0.423 -8.529 0.0
0.323 0.0483 -28.433 0.0
0.576 0.432 -13.642 0.0
0.63 0.711 -9.34 0.0
0.695 0.336 -12.999 0.0
0.735 0.514 -9.287 0.0
0.43 0.971 -3.845 0.0
0.15 0.0308 -28.184 0.0
0.251 0.0636 -24.696 0.0
0.818 0.803 -4.282 0.0
0.463 0.322 -10.915 0.0
0.841 0.728 -3.37 0.0
0.726 0.533 -7.49 0.0
0.47 0.326 -15.201 0.0
0.277 0.0099 -31.727 0.0
0.646 0.542 -6.692 0.0
0.369 0.829 -3.81 0.0
0.659 0.295 -8.528 0.0
0.543 0.48 -6.745 0.0
0.51 0.567 -8.11 0.0
0.782 0.131 -16.584 0.0
0.363 0.0446 -33.317 0.0
0.87 0.498 -8.339 0.0
0.666 0.296 -15.412 0.0
0.595 0.523 -9.792 0.0
0.747 0.699 -7.466 0.0
0.449 0.0793 -22.775 0.0
0.712 0.399 -9.551 0.0
0.484 0.668 -3.697 0.0
0.313 0.753 -3.921 0.0
0.501 0.427 -10.17 0.0
0.749 0.656 -11.366 0.0
0.563 0.282 -6.808 0.0
0.643 0.717 -4.876 0.0
0.0794 0.0136 -28.222 0.0
0.684 0.607 -8.127 0.0
0.564 0.262 -19.746 0.0
0.592 0.652 -10.351 0.0
0.449 0.731 -3.536 0.0
0.59 0.493 -8.704 0.0
0.669 0.446 -11.125 0.0
0.751 0.703 -5.687 0.0
0.528 0.783 -6.03 0.0
0.158 0.0743 -23.101 0.0
0.378 0.0202 -24.62 0.0
0.723 0.0752 -14.984 0.0
0.644 0.483 -6.2 0.0
0.679 0.553 -14.687 0.0
0.768 0.471 -8.406 0.0
0.734 0.811 -9.083 0.0
0.394 0.661 -8.684 0.0
0.692 0.521 -8.465 0.0
0.93 0.767 -11.646 0.0
0.595 0.717 -4.803 0.0
0.605 0.57 -8.582 0.0
0.182 0.0536 -15.681 0.0
0.469 0.501 -5.98 0.0
0.565 0.764 -9.43 0.0
0.694 0.534 -9.126 0.0
0.5 0.246 -14.924 0.0
0.545 0.472 -7.964 0.0
0.397 0.499 -10.972 0.0
0.0974 0.0777 -22.945 0.0
0.489 0.647 -3.424 0.0
0.369 0.691 -8.61 0.0
0.64 0.496 -11.124 0.0
0.682 0.675 -3.771 0.0
0.259 0.0999 -19.056 0.0
0.415 0.425 -11.082 0.0
0.772 0.794 -9.208 0.0
0.264 0.267 -16.947 0.0
0.433 0.778 -7.681 0.0
0.609 0.22 -14.68 0.0
0.208 0.182 -15.947 0.0
0.657 0.371 -9.186 0.0
0.531 0.75 -5.831 0.0
0.645 0.828 -8.493 0.0
0.207 0.0684 -21.139 0.0
0.449 0.547 -12.259 0.0
0.457 0.449 -12.013 0.0
0.398 0.00209 -39.959 0.0
0.565 0.115 -20.6 0.0
0.787 0.326 -14.809 0.0
0.529 0.496 -9.007 0.0
0.539 0.16 -13.285 0.0
0.263 0.633 -5.232 0.0
0.672 0.347 -15.645 0.0
0.546 0.563 -12.636 0.0
0.577 0.805 -4.143 0.0
0.586 0.858 -5.254 0.0
0.344 0.279 -11.429 0.0
0.392 0.534 -8.793 0.0
0.668 0.828 -6.517 0.0
0.473 0.385 -12.099 0.0
0.566 0.657 -10.33 0.0
0.274 0.348 -8.631 0.0
0.495 0.361 -10.841 0.0
0.179 0.0198 -31.651 0.0
0.47 0.0384 -26.481 0.0
0.696 0.532 -9.705 0.0
0.688 0.651 -5.356 0.0
0.746 0.607 -4.71 0.0
0.412 0.138 -23.749 0.0
0.48 0.303 -13.675 0.0
0.745 0.455 -11.389 0.0
0.56 0.73 -5.69 0.0
0.749 0.614 -10.594 0.0
0.344 0.537 -8.215 0.0
0.71 0.387 -13.034 0.0
0.545 0.487 -9.529 0.0
0.424 0.321 -13.162 0.0
0.446 0.0144 -30.739 0.0
0.502 0.513 -6.473 0.0
0.494 0.118 -17.676 0.0
0.589 0.382 -9.56 0.0
0.693 0.613 -6.176 0.0
0.69 0.462 -8.054 0.0
0.471 0.721 -3.496 0.0
0.662 0.266 -9.818 0.0
0.869 0.474 -7.788 0.0
0.172 0.014 -27.988 0.0
0.544 0.404 -8.751 0.0
0.665 0.486 -8.042 0.0
0.499 0.405 -11.259 0.0
0.463 0.526 -6.271 0.0
0.694 0.649 -7.176 0.0
0.588 0.611 -9.088 0.0
0.594 0.12 -16.424 0.0
0.472 0.294 -15.395 0.0
0.0825 0.0432 -25.003 0.0
0.525 0.548 -11.578 0.0
0.484 0.312 -13.522 0.0
0.568 0.0552 -17.854 0.0
0.54 0.299 -11.627 0.0
0.223 0.572 -4.531 0.0
0.573 0.63 -8.389 0.0
0.776 0.763 -8.124 0.0
0.431 0.363 -8.668 0.0
0.564 0.274 -13.608 0.0
0.838 0.794 -8.245 0.0
0.622 0.178 -9.599 0.0
0.775 0.572 -8.427 0.0
0.669 0.707 -13.66 0.0
0.577 0.483 -8.141 0.0
0.457 0.309 -12.719 0.0
0.536 0.445 -7.969 0.0
0.76 0.252 -12.345 0.0
0.63 0.797 -5.324 0.0
0.616 0.474 -9.608 0.0
0.387 0.624 -8.718 0.0
0.571 0.557 -15.439 0.0
0.683 0.529 -8.888 0.0
0.708 0.788 -6.44 0.0
0.419 0.338 -12.968 0.0
0.426 0.618 -4.974 0.0
0.522 0.52 -7.834 0.0
0.433 0.644 -8.131 0.0
0.321 0.00611 -38.341 0.0
0.474 0.349 -12.969 0.0
0.559 0.665 -6.233 0.0
0.499 0.377 -10.224 0.0
0.8 0.569 -6.843 0.0
0.596 0.501 -7.456 0.0
0.65 0.429 -13.071 0.0
0.385 0.443 -9.627 0.0
0.633 0.399 -8.857 0.0
0.669 0.754 -12.223 0.0
0.622 0.521 -8.311 0.0
0.45 0.0783 -22.361 0.0
0.507 0.372 -8.433 0.0
0.294 0.0309 -23.852 0.0
0.587 0.536 -11.248 0.0
0.376 0.327 -7.603 0.0
0.625 0.35 -8.395 0.0
0.616 0.881 -5.315 0.0
0.686 0.385 -8.35 0.0
0.668 0.583 -8.889 0.0
0.732 0.423 -10.953 0.0
0.701 0.485 -10.305 0.0
0.444 0.658 -4.963 0.0
0.666 0.566 -6.428 0.0
0.321 0.0759 -24.44 0.0
0.702 0.735 -10.458 0.0
0.567 0.311 -14.464 0.0
0.35 0.0236 -25.438 0.0
0.656 0.482 -8.453 0.0
0.273 0.0156 -27.642 0.0
0.641 0.297 -11.316 0.0
0.23 0.0592 -23.594 0.0
0.533 0.822 -5.419 0.0
0.552 0.802 -7.479 0.0
0.624 0.515 -5.64 0.0
0.294 0.736 -7.961 0.0
0.344 0.0571 -29.41 0.0
0.339 0.0239 -32.25 0.0
0.745 0.507 -12.373 0.0
0.0677 0.017 -28.235 0.0
0.735 0.525 -2.939 0.0
0.498 0.408 -7.946 0.0
0.299 0.00626 -30.923 0.0
0.541 0.283 -13.659 0.0
0.275 0.237 -18.889 0.0
0.577 0.328 -7.873 0.0
0.475 0.263 -15.356 0.0
0.279 0.0498 -29.671 0.0
0.891 0.673 -8.703 0.0
0.7 0.572 -6.459 0.0
0.684 0.79 -8.714 0.0
0.614 0.433 -10.564 0.0
0.752 0.64 -5.978 0.0
0.565 0.392 -10.083 0.0
0.184 0.0327 -29.381 0.0
0.471 0.0625 -23.337 0.0
0.724 0.765 -7.06 0.0
0.802 0.591 -4.895 0.0
0.144 0.0239 -26.828 0.0
0.591 0.571 -9.841 0.0
0.843 0.435 -8.442 0.0
0.794 0.458 -10.386 0.0
0.497 0.341 -13.635 0.0
0.698 0.844 -4.789 0.0
0.667 0.348 -9.467 0.0
0.173 0.193 -19.615 0.0
0.641 0.605 -9.177 0.0
0.413 0.881 -5.541 0.0
0.391 0.00688 -29.444 0.0
0.583 0.406 -13.918 0.0
0.628 0.629 -4.829 0.0
0.13 0.00924 -27.853 0.0
0.65 0.259 -21.214 0.0
0.795 0.426 -4.085 0.0
0.395 0.0826 -18.982 0.0
0.475 0.566 -6.776 0.0
0.643 0.535 -6.795 0.0
0.697 0.235 -8.651 0.0
0.805 0.558 -5.226 0.0
0.255 0.00578 -32.259 0.0
0.613 0.441 -11.999 0.0
0.582 0.417 -6.956 0.0
0.4 0.496 -9.249 0.0
0.56 0.338 -12.374 0.0
0.611 0.198 -16.525 0.0
0.546 0.529 -10.511 0.0
0.16 0.0265 -32.205 0.0
0.505 0.657 -5.24 0.0
0.487 0.789 -3.69 0.0
0.594 0.561 -11.666 0.0
0.558 0.36 -11.771 0.0
0.601 0.532 -9.119 0.0
0.474 0.528 -8.588 0.0
0.577 0.766 -3.786 0.0
0.374 0.568 -3.825 0.0
0.512 0.58 -6.658 0.0
0.662 0.788 -5.544 0.0
0.598 0.252 -15.086 0.0
0.489 0.747 -8.295 0.0
0.427 0.329 -9.036 0.0
0.472 0.652 -10.171 0.0
0.448 0.166 -19.624 0.0
0.53 0.843 -2.271 0.0
0.691 0.347 -9.464 0.0
0.483 0.0274 -24.966 0.0
0.427 0.844 -4.597 0.0
0.654 0.753 -7.556 0.0
0.686 0.374 -11.029 0.0
0.739 0.139 -21.371 0.0
0.533 0.36 -12.633 0.0
0.379 0.668 -6.077 0.0
0.569 0.86 -4.116 0.0
0.508 0.39 -10.079 0.0
0.716 0.936 -4.968 0.0
0.903 0.439 -11.813 0.0
0.32 0.569 -5.346 0.0
0.485 0.745 -5.961 0.0
0.752 0.705 -4.893 0.0
0.621 0.439 -14.18 0.0
0.453 0.14 -16.216 0.0
0.253 0.0738 -23.264 0.0
0.555 0.43 -9.105 0.0
0.389 0.0187 -30.859 0.0
0.673 0.255 -8.285 0.0
0.557 0.565 -6.12 0.0
0.575 0.734 -4.949 0.0
0.31 0.464 -8.755 0.0
0.592 0.464 -16.925 0.0
0.391 0.595 -7.094 0.0
0.51 0.293 -12.451 0.0
0.187 0.0233 -28.782 0.0
0.585 0.597 -7.499 0.0
0.374 0.868 -7.368 0.0
0.553 0.506 -13.271 0.0
0.718 0.27 -12.184 0.0
0.228 0.0659 -20.821 0.0
0.5 0.0251 -25.102 0.0
0.572 0.348 -13.454 0.0
0.422 0.752 -8.682 0.0
0.497 0.317 -9.863 0.0
0.775 0.571 -8.097 0.0
0.396 0.273 -4.447 0.0
0.0761 0.136 -23.502 0.0
0.525 0.725 -5.318 0.0
0.518 0.376 -18.248 0.0
0.687 0.5 -6.77 0.0
0.645 0.458 -8.888 0.0
0.474 0.418 -9.654 0.0
0.587 0.523 -6.2 0.0
0.644 0.657 -5.506 0.0
0.523 0.695 -5.947 0.0
0.523 0.501 -9.276 0.0
0.572 0.631 -9.836 0.0
0.825 0.317 -12.39 0.0
0.53 0.305 -8.568 0.0
0.61 0.782 -2.973 0.0
0.521 0.471 -11.744 0.0
0.52 0.61 -7.935 0.0
0.581 0.548 -13.448 0.0
0.579 0.587 -8.383 0.0
0.402 0.526 -6.741 0.0
0.291 0.793 -4.648 0.0
0.608 0.583 -9.727 0.0
0.52 0.336 -14.295 0.0
0.591 0.45 -6.369 0.0
0.326 0.478 -9.647 0.0
0.46 0.0309 -25.448 0.0
0.659 0.614 -7.32 0.0
0.154 0.259 -11.748 0.0
0.429 0.339 -9.408 0.0
0.647 0.822 -4.662 0.0
0.16 0.044 -22.655 0.0
0.708 0.504 -14.691 0.0
0.651 0.347 -9.175 0.0
0.309 0.508 -11.876 0.0
0.802 0.463 -8.379 0.0
0.542 0.287 -12.024 0.0
0.697 0.722 -5.049 0.0
0.319 0.236 -9.644 0.0
0.365 0.548 -7.727 0.0
0.597 0.445 -10.813 0.0
0.48 0.349 -15.027 0.0
0.565 0.514 -6.379 0.0
0.371 0.73 -6.065 0.0
0.711 0.371 -7.295 0.0
0.71 0.537 -11.755 0.0
0.617 0.652 -5.133 0.0
0.191 0.604 -6.338 0.0
0.481 0.262 -15.73 0.0
0.22 0.308 -14.873 0.0
0.663 0.552 -8.82 0.0
0.592 0.442 -7.258 0.0
0.659 0.678 -8.18 0.0
0.497 0.09 -23.443 0.0
0.722 0.657 -5.731 0.0
0.31 0.423 -12.902 0.0
0.772 0.504 -8.219 0.0
0.476 0.613 -5.713 0.0
0.412 0.54 -13.897 0.0
0.561 0.543 -8.498 0.0
0.645 0.604 -9.904 0.0
0.881 0.126 -11.646 0.0
0.57 0.545 -7.288 0.0
0.393 0.132 -18.825 0.0
0.348 0.0415 -26.768 0.0
0.651 0.648 -7.44 0.0
0.617 0.415 -10.991 0.0
0.17 0.0223 -24.482 0.0
0.579 0.57 -5.869 0.0
0.539 0.585 -5.612 0.0
0.579 0.865 -4.692 0.0
0.55 0.722 -11.729 0.0
0.303 0.648 -6.795 0.0
0.676 0.1 -13.527 0.0
0.553 0.449 -11.722 0.0
0.544 0.2 -13.233 0.0
0.457 0.399 -11.558 0.0
0.596 0.541 -13.606 0.0
0.637 0.301 -13.247 0.0
0.166 0.0288 -23.856 0.0
0.582 0.606 -9.961 0.0
0.501 0.809 -5.264 0.0
0.87 0.386 -7.843 0.0
0.441 0.452 -8.442 0.0
0.674 0.552 -9.408 0.0
0.598 0.7 -8.565 0.0
0.623 0.884 -5.206 0.0
0.81 0.838 -5.28 0.0
0.916 0.756 -7.653 0.0
0.423 0.435 -8.985 0.0
0.505 0.68 -4.993 0.0
0.712 0.479 -8.999 0.0
0.655 0.336 -11.049 0.0
0.51 0.778 -5.23 0.0
0.391 0.00824 -38.388 0.0
0.383 0.584 -8.807 0.0
0.775 0.707 -5.339 0.0
0.643 0.284 -17.665 0.0
0.429 0.197 -9.798 0.0
0.419 0.531 -9.455 0.0
0.703 0.639 -5.732 0.0
0.704 0.841 -5.732 0.0
0.374 0.599 -3.117 0.0
0.654 0.336 -12.825 0.0
0.601 0.401 -7.798 0.0
0.673 0.581 -10.205 0.0
0.775 0.535 -9.848 0.0
0.305 0.323 -9.396 0.0
0.766 0.584 -8.515 0.0
0.623 0.824 -8.971 0.0
0.492 0.498 -9.26 0.0
0.627 0.618 -8.529 0.0
0.785 0.607 -5.103 0.0
0.817 0.396 -6.573 0.0
0.784 0.708 -9.141 0.0
0.0981 0.0058 -36.979 0.0
0.655 0.0645 -14.765 0.0
0.32 0.62 -9.686 0.0
0.16 0.0166 -29.642 0.0
0.189 0.0703 -24.911 0.0
0.595 0.525 -11.582 0.0
0.0783 0.0879 -24.632 0.0
0.539 0.837 -3.458 0.0
0.546 0.361 -18.397 0.0
0.561 0.681 -7.633 0.0
0.682 0.351 -10.276 0.0
0.492 0.21 -10.658 0.0
0.49 0.581 -6.566 0.0
0.85 0.322 -8.682 0.0
0.385 0.245 -15.089 0.0
0.708 0.35 -13.802 0.0
0.349 0.191 -16.111 0.0
0.327 0.519 -6.985 0.0
0.282 0.161 -26.923 0.0
0.445 0.642 -6.565 0.0
0.244 0.0819 -23.654 0.0
0.339 0.809 -8.902 0.0
0.591 0.732 -6.88 0.0
0.411 0.273 -8.878 0.0
0.592 0.0692 -16.429 0.0
0.747 0.52 -10.523 0.0
0.624 0.37 -13.365 0.0
0.742 0.363 -8.188 0.0
0.548 0.75 -6.229 0.0
0.371 0.43 -8.506 0.0
0.724 0.45 -5.763 0.0
0.378 0.682 -10.228 0.0
0.575 0.634 -8.1 0.0
0.43 0.408 -13.078 0.0
0.409 0.475 -9.742 0.0
0.754 0.592 -8.808 0.0
0.741 0.627 -10.874 0.0
0.53 0.497 -8.701 0.0
0.579 0.385 -7.885 0.0
0.537 0.355 -11.241 0.0
0.592 0.357 -16.104 0.0
0.0694 0.00525 -35.45 0.0
0.663 0.546 -5.234 0.0
0.401 0.498 -10.682 0.0
0.615 0.648 -4.399 0.0
0.631 0.591 -5.785 0.0
0.639 0.799 -11.455 0.0
0.662 0.29 -7.896 0.0
0.748 0.591 -6.234 0.0
0.716 0.375 -13.951 0.0
0.831 0.667 -3.605 0.0
0.792 0.605 -6.566 0.0
0.303 0.555 -9.259 0.0
0.602 0.477 -8.425 0.0
0.598 0.427 -8.764 0.0
0.366 0.167 -16.925 0.0
0.648 0.658 -6.795 0.0
0.596 0.605 -12.145 0.0
0.536 0.235 -13.048 0.0
0.723 0.471 -9.506 0.0
0.69 0.5 -16.145 0.0
0.497 0.568 -7.67 0.0
0.548 0.486 -7.085 0.0
0.316 0.0715 -21.387 0.0
0.785 0.653 -7.75 0.0
0.481 0.606 -6.599 0.0
0.542 0.373 -10.722 0.0
0.505 0.672 -7.258 0.0
0.43 0.171 -11.705 0.0
0.471 0.617 -8.394 0.0
0.643 0.614 -12.878 0.0
0.488 0.449 -10.793 0.0
0.471 0.423 -7.073 0.0
0.284 0.0286 -29.742 0.0
0.457 0.636 -3.41 0.0
0.595 0.32 -9.494 0.0
0.262 0.11 -22.379 0.0
0.683 0.6 -7.917 0.0
0.758 0.378 -15.308 0.0
0.128 0.0194 -24.941 0.0
0.705 0.401 -9.506 0.0
0.605 0.616 -6.941 0.0
0.515 0.457 -4.786 0.0
0.712 0.556 -7.214 0.0
0.729 0.356 -13.743 0.0
0.552 0.846 -4.912 0.0
0.434 0.293 -11.232 0.0
0.448 0.0052 -36.512 0.0
0.458 0.421 -6.96 0.0
0.468 0.76 -7.304 0.0
0.355 0.387 -9.423 0.0
0.529 0.108 -15.96 0.0
0.483 0.431 -7.656 0.0
0.561 0.179 -11.776 0.0
0.514 0.296 -15.366 0.0
0.578 0.246 -13.644 0.0
0.61 0.458 -11.336 0.0
0.683 0.515 -10.932 0.0
0.641 0.905 -6.805 0.0
0.899 0.691 -7.554 0.0
0.335 0.00696 -29.216 0.0
0.743 0.687 -7.613 0.0
0.0642 0.0294 -30.247 0.0
0.762 0.508 -9.112 0.0
0.498 0.335 -8.973 0.0
0.54 0.715 -7.322 0.0
0.743 0.66 -4.802 0.0
0.55 0.753 -4.003 0.0
0.718 0.302 -14.049 0.0
0.52 0.279 -13.192 0.0
0.341 0.242 -20.259 0.0
0.506 0.627 -7.851 0.0
0.474 0.349 -9.345 0.0
0.391 0.471 -8.299 0.0
0.905 0.562 -7.884 0.0
0.464 0.474 -7.289 0.0
0.732 0.716 -5.553 0.0
0.63 0.682 -7.317 0.0
0.429 0.697 -6.114 0.0
0.523 0.803 -5.189 0.0
0.513 0.612 -8.396 0.0
0.545 0.205 -18.144 0.0
0.82 0.427 -12.728 0.0
0.731 0.371 -13.187 0.0
0.546 0.144 -16.492 0.0
0.707 0.265 -13.632 0.0
0.407 0.249 -17.234 0.0
0.638 0.5 -10.116 0.0
0.552 0.636 -7.758 0.0
0.696 0.642 -5.792 0.0
0.0844 0.064 -23.519 0.0
0.499 0.33 -11.467 0.0
0.89 0.811 -8.517 0.0
0.428 0.241 -15.769 0.0
0.49 0.644 -5.399 0.0
0.556 0.628 -6.365 0.0
0.366 0.145 -24.892 0.0
0.524 0.535 -6.946 0.0
0.647 0.657 -8.621 0.0
0.511 0.566 -7.23 0.0
0.484 0.716 -7.193 0.0
0.637 0.472 -7.295 0.0
0.829 0.487 -9.751 0.0
0.768 0.53 -12.179 0.0
0.439 0.665 -7.671 0.0
0.223 0.0306 -26.402 0.0
0.515 0.534 -8.045 0.0
0.633 0.625 -10.951 0.0
0.65 0.744 -8.231 0.0
0.805 0.602 -9.7 0.0
0.649 0.315 -10.987 0.0
0.428 0.164 -19.803 0.0
0.524 0.297 -12.615 0.0
0.808 0.486 -10.392 0.0
0.454 0.0139 -29.966 0.0
0.235 0.192 -22.308 0.0
0.904 0.661 -9.686 0.0
0.619 0.501 -11.557 0.0
0.281 0.58 -5.967 0.0
0.606 0.775 -4.269 0.0
0.377 0.395 -8.622 0.0
0.779 0.572 -9.985 0.0
0.734 0.635 -5.431 0.0
0.544 0.586 -9.7 0.0
0.814 0.635 -6.609 0.0
0.584 0.975 -6.534 0.0
0.52 0.179 -21.976 0.0
0.275 0.0028 -39.488 0.0
0.252 0.414 -11.653 0.0
0.653 0.519 -10.164 0.0
0.367 0.431 -11.191 0.0
0.789 0.494 -13.702 0.0
0.567 0.504 -7.796 0.0
0.588 0.567 -3.738 0.0
0.522 0.077 -19.844 0.0
0.489 0.498 -5.055 0.0
0.181 0.258 -17.438 0.0
0.564 0.512 -9.202 0.0
0.728 0.412 -9.236 0.0
0.612 0.24 -12.821 0.0
0.702 0.708 -5.366 0.0
0.636 0.668 -6.857 0.0
0.614 0.237 -12.156 0.0
0.625 0.564 -8.894 0.0
0.405 0.408 -12.963 0.0
0.167 0.0577 -24.879 0.0
0.46 0.771 -7.088 0.0
0.152 0.00957 -31.787 0.0
0.675 0.373 -10.229 0.0
0.662 0.47 -9.033 0.0
0.764 0.61 -12.159 0.0
0.448 0.631 -8.04 0.0
0.479 0.0803 -20.661 0.0
0.588 0.479 -7.039 0.0
0.542 0.0949 -19.38 0.0
0.586 0.401 -11.592 0.0
0.538 0.432 -11.882 0.0
0.616 0.15 -13.517 0.0
0.661 0.552 -12.385 0.0
0.758 0.426 -8.172 0.0
0.709 0.721 -6.117 0.0
0.64 0.664 -9.715 0.0
0.502 0.533 -6.983 0.0
0.39 0.441 -10.443 0.0
0.514 0.243 -12.348 0.0
0.553 0.652 -6.685 0.0
0.722 0.435 -10.879 0.0
0.591 0.778 -5.927 0.0
0.734 0.568 -9.262 0.0
0.37 0.0076 -33.663 0.0
0.445 0.471 -16.218 0.0
0.44 0.671 -10.598 0.0
0.959 0.55 -8.012 0.0
0.273 0.16 -25.658 0.0
0.536 0.452 -7.451 0.0
0.759 0.417 -10.179 0.0
0.662 0.783 -4.374 0.0
0.439 0.454 -8.669 0.0
0.509 0.44 -7.671 0.0
0.573 0.683 -6.644 0.0
0.328 0.343 -6.543 0.0
0.377 0.03 -25.578 0.0
0.551 0.51 -7.129 0.0
0.691 0.567 -11.624 0.0
0.52 0.333 -11.508 0.0
0.619 0.444 -11.72 0.0
0.902 0.495 -11.067 0.0
0.409 0.152 -14.579 0.0
0.193 0.116 -25.718 0.0
0.703 0.668 -9.077 0.0
0.731 0.184 -16.201 0.0
0.622 0.409 -13.484 0.0
0.609 0.799 -6.883 0.0
0.521 0.33 -7.611 0.0
0.685 0.652 -7.875 0.0
0.531 0.254 -14.125 0.0
0.658 0.434 -8.527 0.0
0.593 0.37 -11.674 0.0
0.603 0.591 -9.251 0.0
0.388 0.557 -11.769 0.0
0.388 0.338 -10.054 0.0
0.0782 0.0267 -30.455 0.0
0.489 0.162 -10.269 0.0
0.447 0.341 -9.769 0.0
0.3 0.574 -5.126 0.0
0.503 0.13 -14.314 0.0
0.6 0.738 -6.701 0.0
0.897 0.662 -6.903 0.0
0.787 0.882 -4.518 0.0
0.297 0.046 -29.406 0.0
0.405 0.113 -22.412 0.0
0.507 0.48 -5.418 0.0
0.349 0.486 -7.232 0.0
0.764 0.777 -6.787 0.0
0.278 0.00149 -30.191 0.0
0.208 0.0483 -27.709 0.0
0.644 0.849 -3.652 0.0
0.456 0.404 -13.904 0.0
0.476 0.556 -6.501 0.0
0.552 0.357 -19.172 0.0
0.528 0.885 -4.592 0.0
0.558 0.439 -13.443 0.0
0.201 0.0714 -25.274 0.0
0.646 0.598 -10.293 0.0
0.554 0.294 -14.503 0.0
0.668 0.312 -8.303 0.0
0.395 0.337 -10.71 0.0
0.431 0.674 -6.761 0.0
0.731 0.312 -14.939 0.0
0.681 0.833 -4.334 0.0
0.505 0.222 -16.199 0.0
0.535 0.752 -6.786 0.0
0.8 0.878 -7.109 0.0
0.518 0.611 -6.051 0.0
0.394 0.499 -6.678 0.0
0.703 0.379 -7.251 0.0
0.773 0.543 -9.97 0.0
0.537 0.134 -18.437 0.0
0.664 0.611 -7.834 0.0
0.896 0.586 -6.687 0.0
0.684 0.847 -5.693 0.0
0.687 0.755 -6.3 0.0
0.52 0.516 -9.996 0.0
0.673 0.463 -7.247 0.0
0.594 0.621 -6.23 0.0
0.351 0.48 -5.367 0.0
0.526 0.57 -9.913 0.0
0.108 0.163 -12.366 0.0
0.163 0.0888 -24.673 0.0
0.615 0.174 -18.565 0.0
0.406 0.569 -7.619 0.0
0.463 0.32 -7.036 0.0
0.853 0.249 -16.119 0.0
0.497 0.285 -14.537 0.0
0.674 0.535 -8.025 0.0
0.276 0.241 -11.68 0.0
0.482 0.362 -14.335 0.0
0.578 0.848 -6.842 0.0
0.477 0.754 -8.338 0.0
0.825 0.444 -6.01 0.0
0.441 0.403 -11.18 0.0
0.667 0.513 -7.96 0.0
0.598 0.496 -9.309 0.0
0.166 0.107 -18.633 0.0
0.639 0.135 -8.922 0.0
0.545 0.59 -6.693 0.0
0.294 0.641 -9.316 0.0
0.521 0.174 -18.118 0.0
0.463 0.0263 -25.771 0.0
0.815 0.741 -9.478 0.0
0.583 0.394 -7.73 0.0
0.654 0.448 -7.26 0.0
0.505 0.129 -18.277 0.0
0.698 0.65 -6.991 0.0
0.534 0.487 -6.288 0.0
0.567 0.512 -8.831 0.0
0.513 0.396 -8.861 0.0
0.485 0.306 -8.431 0.0
0.687 0.517 -6.615 0.0
0.285 0.0505 -29.087 0.0
0.565 0.171 -15.931 0.0
0.358 0.889 -8.045 0.0
0.457 0.412 -11.138 0.0
0.391 0.665 -7.827 0.0
0.742 0.696 -7.198 0.0
0.766 0.419 -11.368 0.0
0.724 0.549 -5.438 0.0
0.375 0.0956 -22.794 0.0
0.583 0.0819 -15.249 0.0
0.635 0.6 -7.233 0.0
0.664 0.667 -5.941 0.0
0.608 0.391 -17.042 0.0
0.068 0.0229 -33.641 0.0
0.291 0.79 -5.683 0.0
0.737 0.494 -9.723 0.0
0.595 0.0336 -28.536 0.0
0.721 0.567 -9.516 0.0
0.442 0.17 -20.726 0.0
0.835 0.522 -10.828 0.0
0.725 0.321 -14.517 0.0
0.707 0.661 -5.711 0.0
0.589 0.196 -14.231 0.0
0.181 0.109 -18.235 0.0
0.306 0.525 -8.264 0.0
0.486 0.117 -18.349 0.0
0.472 0.736 -4.881 0.0
0.783 0.694 -7.854 0.0
0.538 0.51 -13.192 0.0
0.705 0.611 -6.772 0.0
0.324 0.735 -4.054 0.0
0.466 0.419 -6.966 0.0
0.355 0.478 -8.323 0.0
0.377 0.681 -8.039 0.0
0.15 0.0741 -21.473 0.0
0.687 0.63 -10.817 0.0
0.243 0.127 -24.257 0.0
0.693 0.454 -10.275 0.0
0.652 0.678 -6.183 0.0
0.673 0.51 -11.372 0.0
0.475 0.322 -10.687 0.0
0.717 0.518 -5.831 0.0
0.743 0.571 -6.054 0.0
0.632 0.227 -9.459 0.0
0.489 0.577 -9.765 0.0
0.346 0.335 -12.453 0.0
0.59 0.659 -4.966 0.0
0.557 0.571 -8.106 0.0
0.66 0.41 -11.083 0.0
0.539 0.462 -7.995 0.0
0.559 0.393 -11.095 0.0
0.764 0.664 -7.868 0.0
0.848 0.622 -8.462 0.0
0.612 0.326 -12.915 0.0
0.406 0.249 -20.473 0.0
0.466 0.548 -9.362 0.0
0.5 0.671 -4.366 0.0
0.866 0.493 -13.017 0.0
0.431 0.106 -14.51 0.0
0.468 0.0151 -29.485 0.0
0.738 0.311 -9.786 0.0
0.492 0.666 -5.739 0.0
0.486 0.339 -8.616 0.0
0.596 0.869 -11.97 0.0
0.589 0.453 -8.912 0.0
0.457 0.266 -14.465 0.0
0.649 0.49 -7.176 0.0
0.557 0.32 -10.792 0.0
0.659 0.291 -8.275 0.0
0.751 0.501 -12.151 0.0
0.638 0.738 -9.563 0.0
0.62 0.573 -11.893 0.0
0.4 0.562 -8.713 0.0
0.534 0.336 -10.038 0.0
0.705 0.743 -6.631 0.0
0.498 0.723 -8.053 0.0
0.532 0.492 -9.255 0.0
0.823 0.417 -12.643 0.0
0.441 0.283 -11.039 0.0
0.305 0.0384 -28.605 0.0
0.358 0.0344 -29.175 0.0
0.795 0.601 -5.815 0.0
0.462 0.534 -10.555 0.0
0.308 0.078 -22.687 0.0
0.785 0.776 -5.259 0.0
0.718 0.347 -9.359 0.0
0.0636 0.0163 -23.862 0.0
0.335 0.00501 -33.366 0.0
0.227 0.00482 -36.351 0.0
0.764 0.709 -6.432 0.0
0.651 0.516 -13.628 0.0
0.558 0.572 -7.43 0.0
0.486 0.112 -14.27 0.0
0.703 0.409 -13.491 0.0
0.517 0.718 -6.654 0.0
0.408 0.756 -6.759 0.0
0.552 0.329 -11.179 0.0
0.425 0.606 -8.424 0.0
0.0638 0.0598 -27.306 0.0
0.541 0.459 -10.433 0.0
0.402 0.436 -10.153 0.0
0.537 0.348 -10.289 0.0
0.577 0.54 -9.13 0.0
0.333 0.00527 -30.864 0.0
0.387 0.0308 -23.855 0.0
0.334 0.225 -13.986 0.0
0.577 0.428 -7.912 0.0
0.672 0.672 -7.693 0.0
0.384 0.206 -11.961 0.0
0.855 0.433 -8.447 0.0
0.656 0.462 -14.072 0.0
0.658 0.538 -7.676 0.0
0.608 0.564 -5.24 0.0
0.406 0.415 -9.288 0.0
0.281 0.0422 -23.163 0.0
0.724 0.536 -7.478 0.0
0.438 0.606 -6.549 0.0
0.63 0.688 -9.816 0.0
0.725 0.327 -17.714 0.0
0.303 0.492 -10.716 0.0
0.548 0.642 -7.998 0.0
0.497 0.501 -9.405 0.0
0.592 0.135 -15.409 0.0
0.314 0.107 -23.937 0.0
0.0746 0.0227 -30.37 0.0
0.565 0.526 -11.352 0.0
0.711 0.576 -8.784 0.0
0.758 0.586 -13.461 0.0
0.758 0.494 -7.647 0.0
0.166 0.186 -14.219 0.0
0.851 0.669 -9.562 0.0
0.523 0.847 -5.888 0.0
0.404 0.523 -15.7 0.0
0.263 0.759 -7.288 0.0
0.405 0.225 -15.249 0.0
0.728 0.52 -11.742 0.0
0.636 0.61 -9.665 0.0
0.448 0.665 -4.203 0.0
0.495 0.397 -7.369 0.0
0.214 0.0695 -20.537 0.0
0.215 0.0282 -28.351 0.0
0.0774 0.0207 -30.581 0.0
0.66 0.352 -13.533 0.0
0.539 0.476 -9.69 0.0
0.0 0.0 0.0 0.0
0.822 0.381 -14.123 0.0
0.507 0.241 -13.191 0.0
0.675 0.562 -7.678 0.0
0.154 0.113 -24.72 0.0
0.741 0.388 -16.693 0.0
0.511 0.769 -7.032 0.0
0.863 0.726 -6.649 0.0
0.542 0.806 -6.299 0.0
0.596 0.465 -8.511 0.0
0.563 0.553 -8.501 0.0
0.414 0.082 -22.509 0.0
0.496 0.602 -12.656 0.0